  Time_points  !n_d.dat
  25
  time  [s],  Density[19]
  -1.000000e-02     1.000000e-03
   0.000000e+00     1.000000e-03
   1.100000e+00     1.600000e-01
   1.202000e+00     1.644800e-01
   1.300000e+00     1.800000e-01
   1.500000e+00     1.800000e-01
   2.007600e+00     1.800000e-01
   5.000000e+00     1.800000e-01
   8.000000e+00     2.300000e-01
   1.000000e+01     2.500000e-01
   1.100000e+01     2.700000e-01
   1.200000e+01     2.800000e-01
   1.400000e+01     3.760000e-01
   1.500000e+01     4.280000e-01
   1.650000e+01     5.010000e-01
   1.800000e+01     6.300000e-01
   2.000000e+01     8.410000e-01
   2.100000e+01     9.900000e-01
   2.200000e+01     1.188000e+00
   2.300000e+01     1.285000e+00
   2.500000e+01     1.398000e+00
   2.700000e+01     1.511000e+00
   3.000000e+01     1.669000e+00
   6.000000e+01     1.687000e+00
   6.000000e+04     1.687000e+00
