  n_t  !pfres.dat
  8
  time  CS3Ures  CS2Ures  CS1res  CS2Lres  CS3Lres  PF1res  PF2res  PF3res  PF4res  PF5res  PF6res  VS3res
   0.000000e+00     4.398600e-07     4.398600e-07     1.083360e-06     4.398600e-07     7.697550e-07     3.822690e-06     0.000000e+00     0.000000e+00     0.000000e+00     0.000000e+00     1.644850e-06     1.000000e+03
   3.000000e+00     4.398600e-07     4.398600e-07     1.083360e-06     4.398600e-07     7.697550e-07     3.822690e-06     0.000000e+00     0.000000e+00     0.000000e+00     0.000000e+00     1.644850e-06     1.000000e+03
   3.002000e+00     0.000000e+00     0.000000e+00     3.909860e-07     0.000000e+00     0.000000e+00     0.000000e+00     0.000000e+00     0.000000e+00     0.000000e+00     0.000000e+00     0.000000e+00     1.000000e+03
   3.500000e+00     0.000000e+00     0.000000e+00     3.909860e-07     0.000000e+00     0.000000e+00     0.000000e+00     0.000000e+00     0.000000e+00     0.000000e+00     0.000000e+00     0.000000e+00     1.000000e+03
   3.502000e+00     0.000000e+00     0.000000e+00     3.909860e-07     0.000000e+00     0.000000e+00     0.000000e+00     0.000000e+00     0.000000e+00     0.000000e+00     0.000000e+00     0.000000e+00     7.500000e-04
   1.000000e+01     0.000000e+00     0.000000e+00     3.909860e-07     0.000000e+00     0.000000e+00     0.000000e+00     0.000000e+00     0.000000e+00     0.000000e+00     0.000000e+00     0.000000e+00     7.500000e-04
   1.000200e+01     0.000000e+00     0.000000e+00     0.000000e+00     0.000000e+00     0.000000e+00     0.000000e+00     0.000000e+00     0.000000e+00     0.000000e+00     0.000000e+00     0.000000e+00     7.500000e-04
   1.000000e+06     0.000000e+00     0.000000e+00     0.000000e+00     0.000000e+00     0.000000e+00     0.000000e+00     0.000000e+00     0.000000e+00     0.000000e+00     0.000000e+00     0.000000e+00     7.500000e-04
