   tcont2 Ip_div ref_ramp Ip_rd   trd_ref  ! control_data2.dat
  2.     3.3   3.        4.4     70.
c_a_tpl1 c_a_tpl1_eob  c_a_tpl2  c_a_tpl_min  y0   c1_y0     c2_y0
  5.     1.5         5.       0.75        0.8   1.8       4.
ktime  ! volt.dat
23
time    CSU3 CSU2 CS1 CSL2 CSL3   PF1 PF2 PF3 PF4 PF5 PF6
     2.000000e+00     0.000000e+00     0.000000e+00     0.000000e+00     0.000000e+00     0.000000e+00     0.000000e+00     0.000000e+00     0.000000e+00     0.000000e+00     0.000000e+00     0.000000e+00
     4.000000e+00     2.162137e+00     3.013496e+00     7.309193e+00     3.790614e+00    -1.917486e+00    -8.384467e+00    -2.733751e+01    -8.313391e+00    -9.065666e+00    -1.557465e+00    -2.766954e+00
     1.674545e+02     1.458740e-01     1.300373e+00     7.581227e+00     3.790614e+00    -3.400528e+00    -8.444370e+00    -2.734375e+01     1.631315e+01     1.319174e+01     8.350200e+00    -1.537898e+00
     3.309091e+02    -6.188508e-01     6.728682e-01     6.734401e+00     3.790455e+00    -3.777363e+00    -8.437462e+00    -2.734375e+01     8.502240e+00    -4.732668e+00    -9.203968e-01    -3.293826e+00
     4.943636e+02    -8.956648e-01     2.918802e-01     1.096891e+00     3.147554e+00    -3.751269e+00    -8.436270e+00    -2.734375e+01    -7.207277e+00    -1.854032e+01    -1.452269e+01    -4.570895e+00
     6.578182e+02     1.371214e+00     6.676285e-01    -3.625343e-01     1.023392e+00    -3.773281e+00    -8.435472e+00    -2.734375e+01    -1.694404e+01    -1.854032e+01    -1.452952e+01    -4.571180e+00
     8.212727e+02     3.202325e+00     7.478347e-01     2.392678e+00    -3.790614e+00    -3.790614e+00    -8.443508e+00    -2.734375e+01    -1.694179e+01    -1.854032e+01    -1.452952e+01    -4.571180e+00
     9.847273e+02     3.756049e+00     1.320995e+00     1.388829e-01    -3.790614e+00    -3.790614e+00    -8.437828e+00    -2.734375e+01    -1.694005e+01    -1.854032e+01    -1.452952e+01    -4.571180e+00
     1.148182e+03     3.786027e+00    -2.105698e+00     6.578016e+00    -3.590285e+00    -3.790614e+00    -6.438231e+00    -2.732904e+01    -1.693819e+01    -1.854032e+01    -1.452952e+01    -4.570910e+00
     1.311636e+03     3.782886e+00    -3.532169e+00    -1.397638e+00     1.293904e+00     2.486257e-01     2.616004e+00     1.751854e+01    -8.675957e+00    -1.215076e+01    -4.164489e+00    -2.067283e-01
     1.475091e+03     1.966867e+00     3.084954e-02     1.841029e+00     1.432232e+00     8.812627e-01     2.612817e+00    -1.029455e+01    -1.530247e+01    -1.686089e+01    -4.200593e+00     1.131164e+00
     1.638545e+03    -5.407589e-02     7.676678e-01     3.558507e+00     1.995641e+00    -1.555519e-01     6.209660e+00    -2.578137e+00    -1.508642e+01    -1.734198e+01    -6.783305e+00     2.374644e+00
     1.802000e+03    -4.951865e-01    -6.986683e-01     3.080479e+00     1.925415e+00    -2.545083e-01     7.158397e+00    -2.452214e+00    -1.570135e+01    -1.646612e+01    -7.014435e+00     3.588054e+00
     2.002000e+03     1.099156e+00    -9.504870e-02     4.405423e+00    -3.401239e-01     9.740936e-01     7.150874e+00    -1.172039e+01    -1.640894e+01    -1.736314e+01    -7.810371e+00     3.664390e+00
     2.502000e+03     6.785711e-01    -1.232778e+00     1.245013e+00    -1.665507e+00    -7.365274e-01     1.800178e+00    -8.796610e+00    -1.649115e+01    -1.708287e+01    -8.022891e+00    -8.524185e-01
     3.002000e+03    -5.573967e-01    -2.337480e+00    -2.336534e+00    -1.625942e+00    -1.324919e+00    -8.832278e-01    -9.108086e+00    -1.384676e+01    -1.625823e+01    -7.064425e+00    -1.578485e+00
     3.502000e+03    -1.202175e+00    -1.782508e+00    -3.472710e+00    -2.196887e-02    -1.587288e+00    -2.860713e+00    -1.178816e+01    -9.576476e+00    -1.311108e+01    -9.171865e+00    -2.053031e+00
  7.500000e+003   -0.7327   -1.2128    0.7888   -2.3618   -0.2479   -3.1777   -4.1723   -5.6438   -7.1295   -7.8234    3.8977
  1.200000e+004   -0.6707   -1.4933   -0.7096   -1.3450   -0.5773   -1.5189   -4.1840   -6.1057   -5.7216   -2.0876   -1.1396
  1.201000e+004   -0.6721   -1.4948   -0.7134   -1.3461   -0.5784   -1.5167   -4.1838   -6.1044   -5.7218   -2.0919   -1.1373
  2.039600e+004   -1.4864   -2.3884   -2.9770   -2.0140   -1.2635   -0.1764   -4.0490   -5.2966   -5.8411   -4.6797    0.2403
  6.519600e+004    0.0000    0.0000    0.0000    0.0000    0.0000    0.0000    0.0000    0.0000    0.0000    0.0000    0.0000
  9.000000e+008    0.0000    0.0000    0.0000    0.0000    0.0000    0.0000    0.0000    0.0000    0.0000    0.0000    0.0000
 ktime  ! elong_ref.dat
 7
time[S] elong_ref
  0.000000e+000    1.1
  3.500000e+000    1.1
  7.500000e+000    1.3100
  1.200000e+001    1.6700
  1.800000e+001    1.7200
  2.500000e+001    1.7700
  1.000000e+002    1.7700
ktime  ! g1.dat
 2
time   
  0.    0.
  6000.   0. 
ktime  ! g1_term.dat
 2
time
  0.              0.
  7.000000e+001  -19. 
ktime  ! g2.dat
 2
time
  0      0.
  6000   0. 
ktime   ! g2_term.dat
 2
time
  0.              0.
  7.000000e+001   0. 
ktime  ! g3.dat
 7
time
  0           773.5
  3.49        773.5
  3.5000e+00  773.5
  7.5000e+00  803.0000
  1.2000e+01  820.0000
  6.5499e+01  820.0000
  6.1001e+03  820.0000
ktime  ! g3_term.dat
 4
time
  0              820.
  3.000000e+001  820.
  5.000000e+001  790.
  6.600000e+001  790. 
ktime  ! g4.dat
 6
time
  0.000000e+001  148.9000
  3.500000e+000  148.9000
  1.200000e+001   25.0000
  2.035960e+001   24.0000
  6.519600e+001   22.7609
  6.100100e+003   22.7609
ktime  ! g4_term.dat
 4
time
  0              22.7609
  3.000000e+001  70.
  4.500000e+001  138.0000
  6.600000e+001  241.0000 
ktime  ! g5.dat
 5
time
  0.000000e+001  265.5000
  3.500000e+000  265.5000
  1.200000e+001  100.0000
  6.519600e+001   59.5995
  6.100100e+003   59.5995
ktime   ! g5_term.dat
 4
time
  0              59.5995
  3.000000e+001  161.0000
  4.500000e+001  232.0000
  6.600000e+001  373.0000 
ktime  ! g6.dat
 8
time
  0.000000e+000  410.5000
  3.500000e+000  410.5000
  1.000000e+001  410.5000
  1.200000e+001  416.0000
  2.035960e+001  421.4000
  2.000000e+002  421.4000
  5.000000e+002  428.0000
  6.100100e+003  428.0000
ktime  ! g6_term.dat
 3
time
  0              419.4
  3.000000e+001  420.
  6.600000e+001  428. 
   VS1_max(V)    VS3_max(V)  CS3U_max(V)  CS2U_max(V)  CS1_max(V)  CS2L_max(V) CS3L_max(V)       PF1_max(V)  PF2_max(V) PF3_max(V) PF4_max(V) PF5_max(V) PF6_max(V)      Tu(s) ! control_data.dat
  6e3           575.        2.1e3 2.1e3 4.2e3 2.1e3 2.1e3   2.1e3 3.15e3 3.15e3 3.15e3 3.15e3 2.1e3     0.04
 c_cur_max      CS3U_max(kA)  CS2U_max(kA)  CS1_max(kA)  CS2L_max(kA) CS3L_max(kA)        PF1_max(kA)  PF2_max(kA) PF3_max(kA) PF4_max(kA) PF5_max(kA) PF6_max(kA)
  0.98        45.  45.  45.  45.  45.   48.  55.  55.  55.  52.  52.
CS3U CS2U CS1 CS2L CS3L PF1 PF2 PF3 PF4 PF5 PF6 VS3 Virt1 Virt2 Virt3 Virt4 Virt5 ! n_turn
554. 554. 554. 554. 554. 248.6 115.2 185.9 169.9 216.8 459.4 1 1 1 1 1 1  
 