!!!!!!!!!!!!!!!
     2.000000e+00     0.000000e+00     0.000000e+00     0.000000e+00     0.000000e+00     0.000000e+00     0.000000e+00     0.000000e+00     0.000000e+00     0.000000e+00     0.000000e+00     0.000000e+00
     4.000000e+00     2.162137e+00     3.013496e+00     7.309193e+00     3.790614e+00    -1.917486e+00    -8.384467e+00    -2.733751e+01    -8.313391e+00    -9.065666e+00    -1.557465e+00    -2.766954e+00
     1.674545e+02     1.458740e-01     1.300373e+00     7.581227e+00     3.790614e+00    -3.400528e+00    -8.444370e+00    -2.734375e+01     1.631315e+01     1.319174e+01     8.350200e+00    -1.537898e+00
     3.309091e+02    -6.188508e-01     6.728682e-01     6.734401e+00     3.790455e+00    -3.777363e+00    -8.437462e+00    -2.734375e+01     8.502240e+00    -4.732668e+00    -9.203968e-01    -3.293826e+00
     4.943636e+02    -8.956648e-01     2.918802e-01     1.096891e+00     3.147554e+00    -3.751269e+00    -8.436270e+00    -2.734375e+01    -7.207277e+00    -1.854032e+01    -1.452269e+01    -4.570895e+00
     6.578182e+02     1.371214e+00     6.676285e-01    -3.625343e-01     1.023392e+00    -3.773281e+00    -8.435472e+00    -2.734375e+01    -1.694404e+01    -1.854032e+01    -1.452952e+01    -4.571180e+00
     8.212727e+02     3.202325e+00     7.478347e-01     2.392678e+00    -3.790614e+00    -3.790614e+00    -8.443508e+00    -2.734375e+01    -1.694179e+01    -1.854032e+01    -1.452952e+01    -4.571180e+00
     9.847273e+02     3.756049e+00     1.320995e+00     1.388829e-01    -3.790614e+00    -3.790614e+00    -8.437828e+00    -2.734375e+01    -1.694005e+01    -1.854032e+01    -1.452952e+01    -4.571180e+00
     1.148182e+03     3.786027e+00    -2.105698e+00     6.578016e+00    -3.590285e+00    -3.790614e+00    -6.438231e+00    -2.732904e+01    -1.693819e+01    -1.854032e+01    -1.452952e+01    -4.570910e+00
     1.311636e+03     3.782886e+00    -3.532169e+00    -1.397638e+00     1.293904e+00     2.486257e-01     2.616004e+00     1.751854e+01    -8.675957e+00    -1.215076e+01    -4.164489e+00    -2.067283e-01
     1.475091e+03     1.966867e+00     3.084954e-02     1.841029e+00     1.432232e+00     8.812627e-01     2.612817e+00    -1.029455e+01    -1.530247e+01    -1.686089e+01    -4.200593e+00     1.131164e+00
     1.638545e+03    -5.407589e-02     7.676678e-01     3.558507e+00     1.995641e+00    -1.555519e-01     6.209660e+00    -2.578137e+00    -1.508642e+01    -1.734198e+01    -6.783305e+00     2.374644e+00
     1.802000e+03    -4.951865e-01    -6.986683e-01     3.080479e+00     1.925415e+00    -2.545083e-01     7.158397e+00    -2.452214e+00    -1.570135e+01    -1.646612e+01    -7.014435e+00     3.588054e+00
     2.002000e+03     1.099156e+00    -9.504870e-02     4.405423e+00    -3.401239e-01     9.740936e-01     7.150874e+00    -1.172039e+01    -1.640894e+01    -1.736314e+01    -7.810371e+00     3.664390e+00
     2.502000e+03     6.785711e-01    -1.232778e+00     1.245013e+00    -1.665507e+00    -7.365274e-01     1.800178e+00    -8.796610e+00    -1.649115e+01    -1.708287e+01    -8.022891e+00    -8.524185e-01
     3.002000e+03    -5.573967e-01    -2.337480e+00    -2.336534e+00    -1.625942e+00    -1.324919e+00    -8.832278e-01    -9.108086e+00    -1.384676e+01    -1.625823e+01    -7.064425e+00    -1.578485e+00
     3.502000e+03    -1.202175e+00    -1.782508e+00    -3.472710e+00    -2.196887e-02    -1.587288e+00    -2.860713e+00    -1.178816e+01    -9.576476e+00    -1.311108e+01    -9.171865e+00    -2.053031e+00
     7.500000e+03    -7.327000e-01    -1.212800e+00     7.888000e-01    -2.361800e+00    -2.479000e-01    -3.177700e+00    -4.172300e+00    -5.643800e+00    -7.129500e+00    -7.823400e+00     3.897700e+00
     1.200000e+04    -6.707000e-01    -1.493300e+00    -7.096000e-01    -1.345000e+00    -5.773000e-01    -1.518900e+00    -4.184000e+00    -6.105700e+00    -5.721600e+00    -2.087600e+00    -1.139600e+00
     2.193800e+04    -1.486400e+00    -2.388400e+00    -2.977000e+00    -2.014000e+00    -1.263500e+00    -1.764000e-01    -4.049000e+00    -5.296600e+00    -5.841100e+00    -4.679700e+00     2.403000e-01
     7.497800e+04     0.000000e+00     0.000000e+00     0.000000e+00     0.000000e+00     0.000000e+00     0.000000e+00     0.000000e+00     0.000000e+00     0.000000e+00     0.000000e+00     0.000000e+00
     9.000000e+08     0.000000e+00     0.000000e+00     0.000000e+00     0.000000e+00     0.000000e+00     0.000000e+00     0.000000e+00     0.000000e+00     0.000000e+00     0.000000e+00     0.000000e+00
