     43    18
          .60000E+01  .15000E+02  .29000E+02  .43000E+02  .58000E+02
          .72000E+02  .12400E+03  .14600E+03  .16800E+03  .18900E+03
          .21700E+03  .23900E+03  .28800E+03  .31300E+03  .50500E+03
          .57100E+03  .63600E+03  .70200E+03  .76700E+03  .83200E+03
          .90200E+03  .96800E+03  .10340E+04  .11010E+04  .13050E+04
          .13680E+04  .14310E+04  .14940E+04  .15910E+04  .16550E+04
          .18050E+04  .18690E+04  .39900E+04  .41910E+04  .43920E+04
          .45930E+04  .49020E+04  .51100E+04  .54070E+04  .55850E+04
          .23120E+05  .23890E+05  .00000E+00
         -.50000E+00 -.25000E+00  .00000E+00  .25000E+00  .50000E+00
          .75000E+00  .10000E+01  .12500E+01  .15000E+01  .17500E+01
          .20000E+01  .22500E+01  .25000E+01  .27500E+01  .30000E+01
          .35000E+01  .40000E+01  .50000E+01
         -.75880E+01 -.38720E+01 -.17420E+01 -.51000E+00  .22600E+00
          .70000E+00  .10170E+01  .12210E+01  .13410E+01  .14020E+01
          .14230E+01  .14160E+01  .13880E+01  .13450E+01  .12910E+01
          .11560E+01  .99800E+00  .63900E+00
          .16339E+02  .11913E+02  .61603E+01  .37898E+01  .22965E+01
          .15440E+01  .10194E+01  .63041E+00  .34696E+00  .15373E+00
          .22098E-01 -.74127E-01 -.14559E+00 -.19551E+00 -.23638E+00
         -.29672E+00 -.33474E+00 -.37113E+00
         -.16000E+02 -.16000E+02 -.16000E+02 -.16000E+02 -.16000E+02
         -.16000E+02 -.16000E+02 -.16000E+02 -.16000E+02 -.16000E+02
         -.16000E+02 -.16000E+02 -.16000E+02 -.16000E+02 -.16000E+02
         -.16000E+02 -.16000E+02 -.16000E+02
          .00000E+00  .00000E+00  .00000E+00  .00000E+00  .00000E+00
          .00000E+00  .00000E+00  .00000E+00  .00000E+00  .00000E+00
          .00000E+00  .00000E+00  .00000E+00  .00000E+00  .00000E+00
          .00000E+00  .00000E+00  .00000E+00
         -.25991E+01 -.17312E+00  .12519E+01  .20839E+01  .25599E+01
          .28339E+01  .29949E+01  .30889E+01  .31359E+01  .31509E+01
          .31439E+01  .31209E+01  .30849E+01  .30379E+01  .29799E+01
          .28429E+01  .26839E+01  .23239E+01
          .10630E+02  .78513E+01  .41764E+01  .25272E+01  .14107E+01
          .82993E+00  .48957E+00  .27177E+00  .11534E+00  .10860E-01
         -.62781E-01 -.11974E+00 -.16627E+00 -.21118E+00 -.24902E+00
         -.29752E+00 -.33690E+00 -.37155E+00
         -.16601E+02 -.10899E+02 -.57150E+01 -.27570E+01 -.10570E+01
         -.72000E-01  .50200E+00  .83600E+00  .10250E+01  .11270E+01
          .11740E+01  .11860E+01  .11720E+01  .11390E+01  .10930E+01
          .96900E+00  .81800E+00  .46700E+00
          .22808E+02  .22808E+02  .16592E+02  .85296E+01  .51862E+01
          .29458E+01  .17386E+01  .99594E+00  .55367E+00  .28139E+00
          .10878E+00 -.84943E-02 -.98799E-01 -.16031E+00 -.20796E+00
         -.27964E+00 -.32350E+00 -.36475E+00
         -.42630E+01 -.44300E+01 -.43420E+01 -.36870E+01 -.33100E+01
         -.32120E+01 -.32880E+01 -.34750E+01 -.37290E+01 -.40250E+01
         -.43440E+01 -.46770E+01 -.50180E+01 -.53630E+01 -.57110E+01
         -.64110E+01 -.71140E+01 -.85240E+01
         -.76201E+00 -.47997E+00  .17339E+01  .24604E+01  .80868E+00
          .49313E-02 -.56440E+00 -.90332E+00 -.11143E+01 -.12393E+01
         -.13083E+01 -.13516E+01 -.13734E+01 -.13867E+01 -.13958E+01
         -.14035E+01 -.14080E+01 -.14110E+01
         -.46841E+01 -.19581E+01  .28988E+00  .15369E+01  .22379E+01
          .26429E+01  .28789E+01  .30089E+01  .30729E+01  .30959E+01
          .30929E+01  .30729E+01  .30399E+01  .29959E+01  .29419E+01
          .28109E+01  .26559E+01  .23009E+01
          .11166E+02  .10381E+02  .69989E+01  .35635E+01  .21229E+01
          .12167E+01  .70231E+00  .36606E+00  .16144E+00  .32163E-01
         -.50098E-01 -.10777E+00 -.15482E+00 -.19696E+00 -.23333E+00
         -.28811E+00 -.33023E+00 -.36738E+00
         -.24832E+02 -.18642E+02 -.12452E+02 -.68250E+01 -.36170E+01
         -.17760E+01 -.71000E+00 -.89000E-01  .27400E+00  .48800E+00
          .61200E+00  .67800E+00  .70500E+00  .70100E+00  .67700E+00
          .58200E+00  .44900E+00  .11800E+00
          .24760E+02  .24760E+02  .24760E+02  .18004E+02  .92425E+01
          .56135E+01  .31875E+01  .18804E+01  .10988E+01  .64848E+00
          .36332E+00  .17824E+00  .39709E-01 -.61077E-01 -.13140E+00
         -.23544E+00 -.29484E+00 -.34908E+00
         -.36730E+01 -.38320E+01 -.38840E+01 -.32650E+01 -.27930E+01
         -.26350E+01 -.26300E+01 -.27230E+01 -.29050E+01 -.31540E+01
         -.34480E+01 -.37690E+01 -.41060E+01 -.44530E+01 -.48050E+01
         -.55180E+01 -.62370E+01 -.76830E+01
         -.55241E+00 -.80317E+00  .12331E+01  .26747E+01  .11600E+01
          .24541E+00 -.18560E+00 -.55900E+00 -.87839E+00 -.10994E+01
         -.12399E+01 -.13211E+01 -.13717E+01 -.14003E+01 -.14153E+01
         -.14337E+01 -.14417E+01 -.14481E+01
         -.40961E+01 -.25861E+01  .75880E-01  .15399E+01  .23259E+01
          .27369E+01  .29459E+01  .30479E+01  .30899E+01  .30959E+01
          .30809E+01  .30529E+01  .30149E+01  .29669E+01  .29109E+01
          .27769E+01  .26199E+01  .22639E+01
          .45067E+01  .91067E+01  .91306E+01  .38829E+01  .23379E+01
          .11294E+01  .58444E+00  .26484E+00  .84212E-01 -.25688E-01
         -.89458E-01 -.13248E+00 -.17264E+00 -.20898E+00 -.23944E+00
         -.29340E+00 -.33294E+00 -.36753E+00
         -.26240E+02 -.21062E+02 -.15883E+02 -.10704E+02 -.59950E+01
         -.33050E+01 -.17570E+01 -.85700E+00 -.32500E+00  .10000E-02
          .20300E+00  .32500E+00  .38900E+00  .41300E+00  .40700E+00
          .33600E+00  .21700E+00 -.10000E+00
          .20715E+02  .20715E+02  .20715E+02  .20715E+02  .15078E+02
          .77627E+01  .47276E+01  .27030E+01  .16443E+01  .10159E+01
          .62820E+00  .35930E+00  .16658E+00  .30363E-01 -.72035E-01
         -.19852E+00 -.27390E+00 -.33855E+00
         -.33050E+01 -.34530E+01 -.35970E+01 -.32930E+01 -.26710E+01
         -.24010E+01 -.23520E+01 -.24050E+01 -.25450E+01 -.27640E+01
         -.30410E+01 -.33540E+01 -.36890E+01 -.40370E+01 -.43920E+01
         -.51140E+01 -.58410E+01 -.73030E+01
         -.49826E+00 -.77948E+00  .11219E+00  .22507E+01  .19969E+01
          .46553E+00 -.31051E-01 -.38932E+00 -.72766E+00 -.10080E+01
         -.11922E+01 -.13032E+01 -.13711E+01 -.14086E+01 -.14305E+01
         -.14516E+01 -.14571E+01 -.14645E+01
         -.37171E+01 -.35731E+01 -.10061E+01  .93888E+00  .19909E+01
          .25449E+01  .28249E+01  .29579E+01  .30119E+01  .30229E+01
          .30109E+01  .29849E+01  .29489E+01  .29039E+01  .28499E+01
          .27189E+01  .25639E+01  .22099E+01
         -.21398E+01  .60076E+01  .10641E+02  .55713E+01  .30374E+01
          .15512E+01  .76584E+00  .34143E+00  .11243E+00 -.11150E-01
         -.79830E-01 -.12553E+00 -.16205E+00 -.19827E+00 -.23286E+00
         -.28831E+00 -.32989E+00 -.36606E+00
         -.35643E+02 -.28695E+02 -.21747E+02 -.14799E+02 -.84840E+01
         -.48880E+01 -.28260E+01 -.16280E+01 -.90400E+00 -.44300E+00
         -.14700E+00  .35000E-01  .13800E+00  .18700E+00  .19900E+00
          .14800E+00  .40000E-01 -.26500E+00
          .27792E+02  .27792E+02  .27792E+02  .27792E+02  .20197E+02
          .10353E+02  .62856E+01  .36241E+01  .22819E+01  .14682E+01
          .92943E+00  .55012E+00  .29008E+00  .11356E+00 -.12303E-01
         -.17129E+00 -.25653E+00 -.32923E+00
         -.30590E+01 -.32010E+01 -.33470E+01 -.31770E+01 -.25290E+01
         -.22080E+01 -.21590E+01 -.22340E+01 -.23790E+01 -.25900E+01
         -.28590E+01 -.31660E+01 -.34980E+01 -.38450E+01 -.42000E+01
         -.49210E+01 -.56490E+01 -.71110E+01
         -.51515E+00 -.67371E+00 -.24602E+00  .19458E+01  .22789E+01
          .56672E+00 -.10574E+00 -.45575E+00 -.71126E+00 -.97120E+00
         -.11639E+01 -.12851E+01 -.13639E+01 -.14075E+01 -.14300E+01
         -.14512E+01 -.14594E+01 -.14633E+01
         -.34621E+01 -.33571E+01 -.15521E+01  .62288E+00  .18059E+01
          .24319E+01  .27479E+01  .28959E+01  .29539E+01  .29639E+01
          .29509E+01  .29249E+01  .28889E+01  .28449E+01  .27919E+01
          .26619E+01  .25089E+01  .21559E+01
         -.12294E+01  .37189E+01  .92739E+01  .69457E+01  .32394E+01
          .18045E+01  .84637E+00  .37796E+00  .11379E+00 -.17118E-01
         -.81317E-01 -.12561E+00 -.16023E+00 -.19346E+00 -.22994E+00
         -.28544E+00 -.32629E+00 -.36635E+00
         -.30423E+02 -.25540E+02 -.20657E+02 -.15774E+02 -.10891E+02
         -.64510E+01 -.39080E+01 -.24030E+01 -.14470E+01 -.82400E+00
         -.43100E+00 -.19200E+00 -.55000E-01  .15000E-01  .40000E-01
          .50000E-02 -.95000E-01 -.39200E+00
          .19532E+02  .19532E+02  .19532E+02  .19532E+02  .19532E+02
          .14217E+02  .73969E+01  .47716E+01  .30489E+01  .19808E+01
          .12197E+01  .72425E+00  .39528E+00  .17861E+00  .30262E-01
         -.14880E+00 -.24507E+00 -.32296E+00
         -.28700E+01 -.30080E+01 -.31510E+01 -.30700E+01 -.24290E+01
         -.20670E+01 -.20040E+01 -.21010E+01 -.22770E+01 -.25090E+01
         -.27860E+01 -.30970E+01 -.34290E+01 -.37750E+01 -.41280E+01
         -.48460E+01 -.55700E+01 -.70230E+01
         -.52971E+00 -.59657E+00 -.45601E+00  .16766E+01  .24136E+01
          .70490E+00 -.13322E+00 -.58002E+00 -.82269E+00 -.10252E+01
         -.11845E+01 -.12928E+01 -.13605E+01 -.14014E+01 -.14221E+01
         -.14449E+01 -.14505E+01 -.14542E+01
         -.32671E+01 -.31601E+01 -.19951E+01  .34688E+00  .16399E+01
          .23259E+01  .26749E+01  .28379E+01  .28999E+01  .29099E+01
          .28949E+01  .28669E+01  .28309E+01  .27859E+01  .27329E+01
          .26039E+01  .24519E+01  .20999E+01
         -.29811E+00  .18802E+01  .80412E+01  .80390E+01  .34230E+01
          .20172E+01  .92836E+00  .41339E+00  .11807E+00 -.21667E-01
         -.91401E-01 -.12873E+00 -.16169E+00 -.19651E+00 -.22829E+00
         -.28327E+00 -.32463E+00 -.36569E+00
         -.33807E+02 -.29075E+02 -.24344E+02 -.19612E+02 -.14881E+02
         -.10149E+02 -.58460E+01 -.33850E+01 -.19670E+01 -.11420E+01
         -.65600E+00 -.36500E+00 -.18900E+00 -.88000E-01 -.37000E-01
         -.36000E-01 -.11500E+00 -.39100E+00
          .18926E+02  .18926E+02  .18926E+02  .18926E+02  .18926E+02
          .18926E+02  .13783E+02  .71080E+01  .43325E+01  .24780E+01
          .14876E+01  .89554E+00  .53423E+00  .29155E+00  .12358E+00
         -.94585E-01 -.21324E+00 -.30738E+00
         -.27200E+01 -.28550E+01 -.29950E+01 -.29800E+01 -.23680E+01
         -.19700E+01 -.18860E+01 -.19770E+01 -.20840E+01 -.21700E+01
         -.23170E+01 -.25440E+01 -.28300E+01 -.31510E+01 -.34940E+01
         -.42110E+01 -.49450E+01 -.64250E+01
         -.53899E+00 -.54201E+00 -.59296E+00  .14138E+01  .24616E+01
          .85984E+00 -.11693E+00 -.47611E+00 -.35462E+00 -.42140E+00
         -.75578E+00 -.10435E+01 -.12263E+01 -.13352E+01 -.14010E+01
         -.14575E+01 -.14751E+01 -.14824E+01
         -.31111E+01 -.30001E+01 -.23511E+01  .71880E-01  .14699E+01
          .22149E+01  .25949E+01  .27749E+01  .28469E+01  .28679E+01
          .28659E+01  .28519E+01  .28309E+01  .28059E+01  .27749E+01
          .26859E+01  .25619E+01  .22449E+01
          .44401E+00  .44397E+00  .69001E+01  .88197E+01  .36732E+01
          .22034E+01  .10133E+01  .46360E+00  .15633E+00  .27059E-01
         -.36574E-01 -.72763E-01 -.92374E-01 -.10974E+00 -.14065E+00
         -.21460E+00 -.27897E+00 -.33602E+00
         -.39835E+02 -.34282E+02 -.28728E+02 -.23174E+02 -.17621E+02
         -.12067E+02 -.70180E+01 -.41370E+01 -.24790E+01 -.15150E+01
         -.94500E+00 -.59900E+00 -.38400E+00 -.25500E+00 -.18600E+00
         -.16200E+00 -.23100E+00 -.49700E+00
          .22215E+02  .22215E+02  .22215E+02  .22215E+02  .22215E+02
          .22215E+02  .16158E+02  .83114E+01  .50638E+01  .28975E+01
          .17542E+01  .10776E+01  .66726E+00  .38132E+00  .18345E+00
         -.63349E-01 -.20005E+00 -.29897E+00
         -.25450E+01 -.26770E+01 -.28130E+01 -.28090E+01 -.22500E+01
         -.18710E+01 -.17960E+01 -.19010E+01 -.20450E+01 -.21490E+01
         -.22880E+01 -.25020E+01 -.27780E+01 -.30930E+01 -.34320E+01
         -.41450E+01 -.48770E+01 -.63530E+01
         -.52849E+00 -.52701E+00 -.57945E+00  .12608E+01  .22922E+01
          .82640E+00 -.14980E+00 -.58719E+00 -.48944E+00 -.43106E+00
         -.70232E+00 -.99566E+00 -.11950E+01 -.13162E+01 -.13882E+01
         -.14526E+01 -.14714E+01 -.14783E+01
         -.29431E+01 -.28281E+01 -.23221E+01  .15880E-01  .14099E+01
          .21529E+01  .25319E+01  .27099E+01  .27789E+01  .27949E+01
          .27889E+01  .27719E+01  .27529E+01  .27309E+01  .27039E+01
          .26219E+01  .25039E+01  .21919E+01
          .62802E+00  .12395E+00  .63282E+01  .86913E+01  .36904E+01
          .21909E+01  .10099E+01  .45365E+00  .13954E+00  .82015E-02
         -.52343E-01 -.74828E-01 -.80344E-01 -.95796E-01 -.12447E+00
         -.20157E+00 -.26925E+00 -.33338E+00
         -.45853E+02 -.39479E+02 -.33105E+02 -.26731E+02 -.20357E+02
         -.13983E+02 -.81890E+01 -.48870E+01 -.29910E+01 -.18870E+01
         -.12290E+01 -.82400E+00 -.56800E+00 -.41000E+00 -.32100E+00
         -.27700E+00 -.33500E+00 -.59200E+00
          .25496E+02  .25496E+02  .25496E+02  .25496E+02  .25496E+02
          .25496E+02  .18536E+02  .95126E+01  .57896E+01  .33289E+01
          .20387E+01  .12722E+01  .80439E+00  .47822E+00  .24674E+00
         -.36879E-01 -.18323E+00 -.29389E+00
         -.24360E+01 -.25670E+01 -.27010E+01 -.27290E+01 -.22200E+01
         -.18350E+01 -.17530E+01 -.18560E+01 -.20220E+01 -.21480E+01
         -.22850E+01 -.24910E+01 -.27590E+01 -.30690E+01 -.34050E+01
         -.41150E+01 -.48440E+01 -.63190E+01
         -.53279E+00 -.50641E+00 -.62155E+00  .10486E+01  .21991E+01
          .88315E+00 -.12765E+00 -.62455E+00 -.60217E+00 -.47077E+00
         -.67074E+00 -.96228E+00 -.11681E+01 -.13012E+01 -.13791E+01
         -.14471E+01 -.14666E+01 -.14792E+01
         -.28311E+01 -.27141E+01 -.24051E+01 -.18412E+00  .12629E+01
          .20349E+01  .24309E+01  .26169E+01  .26899E+01  .27059E+01
          .26969E+01  .26799E+01  .26619E+01  .26449E+01  .26229E+01
          .25509E+01  .24389E+01  .21349E+01
          .85877E+00 -.31353E+00  .55074E+01  .86441E+01  .39322E+01
          .22550E+01  .10638E+01  .47383E+00  .14889E+00 -.13752E-02
         -.59386E-01 -.73082E-01 -.68285E-01 -.73778E-01 -.10460E+00
         -.18483E+00 -.26006E+00 -.32597E+00
         -.51611E+02 -.44455E+02 -.37299E+02 -.30142E+02 -.22986E+02
         -.15830E+02 -.93260E+01 -.56230E+01 -.34960E+01 -.22540E+01
         -.15070E+01 -.10400E+01 -.74000E+00 -.55300E+00 -.44500E+00
         -.38000E+00 -.42900E+00 -.67700E+00
          .28625E+02  .28625E+02  .28625E+02  .28625E+02  .28625E+02
          .28625E+02  .20799E+02  .10665E+02  .65010E+01  .37587E+01
          .23321E+01  .14810E+01  .94804E+00  .57088E+00  .30844E+00
         -.10422E-01 -.17076E+00 -.28662E+00
         -.23400E+01 -.24700E+01 -.26020E+01 -.26270E+01 -.21500E+01
         -.17920E+01 -.17230E+01 -.18360E+01 -.20210E+01 -.21720E+01
         -.23150E+01 -.25160E+01 -.27790E+01 -.30850E+01 -.34180E+01
         -.41250E+01 -.48520E+01 -.63230E+01
         -.52685E+00 -.50630E+00 -.59196E+00  .99015E+00  .20554E+01
          .80838E+00 -.16488E+00 -.67687E+00 -.70365E+00 -.54055E+00
         -.66216E+00 -.93882E+00 -.11505E+01 -.12870E+01 -.13695E+01
         -.14430E+01 -.14627E+01 -.14752E+01
         -.27321E+01 -.26141E+01 -.23351E+01 -.22112E+00  .11999E+01
          .19579E+01  .23459E+01  .25279E+01  .25979E+01  .26099E+01
          .25969E+01  .25769E+01  .25609E+01  .25489E+01  .25339E+01
          .24729E+01  .23679E+01  .20719E+01
          .86786E+00 -.31973E+00  .51751E+01  .83355E+01  .39028E+01
          .22012E+01  .10444E+01  .46109E+00  .13521E+00 -.17914E-01
         -.75549E-01 -.75891E-01 -.52888E-01 -.48556E-01 -.76888E-01
         -.16756E+00 -.24889E+00 -.31956E+00
         -.38785E+02 -.34126E+02 -.29468E+02 -.24810E+02 -.20152E+02
         -.15493E+02 -.10835E+02 -.65950E+01 -.41500E+01 -.27100E+01
         -.18360E+01 -.12810E+01 -.92400E+00 -.70100E+00 -.57200E+00
         -.48400E+00 -.52200E+00 -.76200E+00
          .18633E+02  .18633E+02  .18633E+02  .18633E+02  .18633E+02
          .18633E+02  .18633E+02  .13614E+02  .71321E+01  .44779E+01
          .27242E+01  .17734E+01  .11264E+01  .68100E+00  .37357E+00
          .20568E-01 -.15584E+00 -.28208E+00
         -.22540E+01 -.23830E+01 -.25140E+01 -.24910E+01 -.20260E+01
         -.17330E+01 -.17060E+01 -.18430E+01 -.20560E+01 -.22450E+01
         -.24030E+01 -.26010E+01 -.28580E+01 -.31590E+01 -.34880E+01
         -.41880E+01 -.49120E+01 -.63760E+01
         -.50593E+00 -.53614E+00 -.46951E+00  .11182E+01  .18528E+01
          .56674E+00 -.27973E+00 -.76782E+00 -.84901E+00 -.66016E+00
         -.67436E+00 -.91440E+00 -.11280E+01 -.12695E+01 -.13540E+01
         -.14331E+01 -.14578E+01 -.14671E+01
         -.26451E+01 -.25261E+01 -.21151E+01 -.42120E-01  .12509E+01
          .19369E+01  .22849E+01  .24449E+01  .25019E+01  .25039E+01
          .24829E+01  .24579E+01  .24419E+01  .24369E+01  .24299E+01
          .23839E+01  .22879E+01  .20009E+01
          .68947E+00  .49057E-01  .54743E+01  .78617E+01  .34707E+01
          .20034E+01  .92386E+00  .39722E+00  .91245E-01 -.54207E-01
         -.10242E+00 -.88119E-01 -.37105E-01 -.15462E-01 -.45049E-01
         -.14279E+00 -.23580E+00 -.31260E+00
         -.43019E+02 -.37878E+02 -.32736E+02 -.27595E+02 -.22453E+02
         -.17312E+02 -.12170E+02 -.74820E+01 -.47450E+01 -.31200E+01
         -.21270E+01 -.14910E+01 -.10810E+01 -.82600E+00 -.67900E+00
         -.57300E+00 -.60300E+00 -.83600E+00
          .20566E+02  .20566E+02  .20566E+02  .20566E+02  .20566E+02
          .20566E+02  .20566E+02  .15124E+02  .80384E+01  .50667E+01
          .31110E+01  .20373E+01  .12917E+01  .77606E+00  .42812E+00
          .43141E-01 -.14469E+00 -.27716E+00
         -.21730E+01 -.23010E+01 -.24260E+01 -.23250E+01 -.19050E+01
         -.17020E+01 -.17300E+01 -.18970E+01 -.21350E+01 -.23630E+01
         -.25560E+01 -.27690E+01 -.30290E+01 -.33290E+01 -.36550E+01
         -.43480E+01 -.50630E+01 -.65100E+01
         -.47823E+00 -.57953E+00 -.23964E+00  .12501E+01  .14913E+01
          .26084E+00 -.43464E+00 -.86229E+00 -.97620E+00 -.82493E+00
         -.77610E+00 -.94268E+00 -.11292E+01 -.12605E+01 -.13407E+01
         -.14170E+01 -.14394E+01 -.14508E+01
         -.25621E+01 -.24421E+01 -.17081E+01  .22288E+00  .13329E+01
          .19169E+01  .22079E+01  .23369E+01  .23759E+01  .23659E+01
          .23349E+01  .23039E+01  .22909E+01  .22959E+01  .23029E+01
          .22779E+01  .21949E+01  .19199E+01
          .21942E+00  .10012E+01  .60239E+01  .68830E+01  .29359E+01
          .17015E+01  .75820E+00  .30573E+00  .34880E-01 -.97251E-01
         -.13788E+00 -.95237E-01 -.91761E-02  .35940E-01  .94137E-02
         -.11036E+00 -.21596E+00 -.30452E+00
         -.51043E+02 -.44896E+02 -.38749E+02 -.32601E+02 -.26454E+02
         -.20307E+02 -.14160E+02 -.85720E+01 -.53850E+01 -.35400E+01
         -.24170E+01 -.16910E+01 -.12260E+01 -.93700E+00 -.76300E+00
         -.62400E+00 -.63500E+00 -.85200E+00
          .24589E+02  .24589E+02  .24589E+02  .24589E+02  .24589E+02
          .24589E+02  .24589E+02  .17879E+02  .91960E+01  .57211E+01
          .35355E+01  .23248E+01  .14572E+01  .89423E+00  .52183E+00
          .90573E-01 -.11612E+00 -.26744E+00
         -.21020E+01 -.22300E+01 -.23310E+01 -.21350E+01 -.18280E+01
         -.17450E+01 -.18430E+01 -.20490E+01 -.23010E+01 -.24720E+01
         -.25290E+01 -.26350E+01 -.28340E+01 -.31020E+01 -.34130E+01
         -.40990E+01 -.48180E+01 -.62810E+01
         -.46794E+00 -.60012E+00  .12042E+00  .12585E+01  .88175E+00
         -.10545E+00 -.63994E+00 -.98280E+00 -.92486E+00 -.39374E+00
         -.23616E+00 -.61763E+00 -.95333E+00 -.11730E+01 -.13025E+01
         -.14189E+01 -.14517E+01 -.14686E+01
         -.24901E+01 -.23591E+01 -.10301E+01  .55088E+00  .14129E+01
          .18579E+01  .20719E+01  .21579E+01  .21729E+01  .21509E+01
          .21189E+01  .21019E+01  .21179E+01  .21599E+01  .22059E+01
          .22489E+01  .22089E+01  .19769E+01
         -.63980E+00  .28516E+01  .67534E+01  .50548E+01  .23434E+01
          .12556E+01  .54212E+00  .17590E+00 -.33715E-01 -.12504E+00
         -.11414E+00 -.64085E-02  .12777E+00  .19131E+00  .16297E+00
          .15322E-02 -.15110E+00 -.27245E+00
         -.55649E+02 -.48977E+02 -.42305E+02 -.35633E+02 -.28962E+02
         -.22290E+02 -.15618E+02 -.95540E+01 -.60950E+01 -.40630E+01
         -.27660E+01 -.19160E+01 -.13820E+01 -.10570E+01 -.86300E+00
         -.70300E+00 -.70600E+00 -.91600E+00
          .26687E+02  .26687E+02  .26687E+02  .26687E+02  .26687E+02
          .26687E+02  .26687E+02  .19394E+02  .10013E+02  .64450E+01
          .41547E+01  .27002E+01  .16525E+01  .99787E+00  .58405E+00
          .11599E+00 -.10600E+00 -.26200E+00
         -.20240E+01 -.21520E+01 -.22740E+01 -.22490E+01 -.20350E+01
         -.19500E+01 -.20330E+01 -.22240E+01 -.24660E+01 -.26530E+01
         -.27350E+01 -.28460E+01 -.30420E+01 -.33050E+01 -.36110E+01
         -.42830E+01 -.49880E+01 -.64240E+01
         -.49263E+00 -.55075E+00 -.30439E+00  .60429E+00  .75521E+00
         -.37140E-01 -.58265E+00 -.92027E+00 -.93229E+00 -.49857E+00
         -.30144E+00 -.61169E+00 -.93582E+00 -.11530E+01 -.12801E+01
         -.13893E+01 -.14246E+01 -.14417E+01
         -.24141E+01 -.22911E+01 -.16051E+01  .36880E-01  .99288E+00
          .14929E+01  .17359E+01  .18389E+01  .18629E+01  .18459E+01
          .18159E+01  .18099E+01  .18599E+01  .19519E+01  .20419E+01
          .21379E+01  .21219E+01  .19079E+01
          .20776E+00  .10605E+01  .52583E+01  .58423E+01  .25483E+01
          .14364E+01  .62208E+00  .22729E+00 -.72331E-02 -.11436E+00
         -.99339E-01  .79716E-01  .30847E+00  .39038E+00  .31399E+00
          .71303E-01 -.11920E+00 -.26140E+00
         -.56091E+02 -.50028E+02 -.43965E+02 -.37902E+02 -.31839E+02
         -.25776E+02 -.19713E+02 -.13650E+02 -.81380E+01 -.49940E+01
         -.31890E+01 -.21440E+01 -.15320E+01 -.11690E+01 -.95400E+00
         -.77100E+00 -.76200E+00 -.96200E+00
          .24252E+02  .24252E+02  .24252E+02  .24252E+02  .24252E+02
          .24252E+02  .24252E+02  .24252E+02  .17640E+02  .90615E+01
          .55024E+01  .31287E+01  .18666E+01  .11048E+01  .65013E+00
          .14762E+00 -.88587E-01 -.25571E+00
         -.19640E+01 -.20910E+01 -.22200E+01 -.23510E+01 -.24870E+01
         -.26280E+01 -.27770E+01 -.29350E+01 -.30750E+01 -.27720E+01
         -.22910E+01 -.21130E+01 -.21660E+01 -.23570E+01 -.26270E+01
         -.32830E+01 -.40010E+01 -.54810E+01
         -.50609E+00 -.51183E+00 -.51860E+00 -.53378E+00 -.55027E+00
         -.58913E+00 -.57320E+00 -.80206E+00  .20543E+00  .19364E+01
          .14572E+01  .14298E+00 -.52910E+00 -.95459E+00 -.11845E+01
         -.13995E+01 -.14613E+01 -.14894E+01
         -.23521E+01 -.22301E+01 -.21111E+01 -.19951E+01 -.18851E+01
         -.17811E+01 -.16851E+01 -.15981E+01 -.12611E+01 -.46120E-01
          .87488E+00  .14429E+01  .17889E+01  .20019E+01  .21339E+01
          .22459E+01  .22329E+01  .20219E+01
          .49072E+00  .48255E+00  .47106E+00  .45320E+00  .42812E+00
          .40230E+00  .36267E+00  .34303E+00  .33532E+01  .48680E+01
          .28066E+01  .17736E+01  .10668E+01  .66703E+00  .40506E+00
          .75584E-01 -.11339E+00 -.25980E+00
         -.63307E+02 -.56465E+02 -.49623E+02 -.42781E+02 -.35939E+02
         -.29097E+02 -.22255E+02 -.15413E+02 -.91940E+01 -.56520E+01
         -.36220E+01 -.24470E+01 -.17590E+01 -.13480E+01 -.11020E+01
         -.88600E+00 -.86100E+00 -.10490E+01
          .27368E+02  .27368E+02  .27368E+02  .27368E+02  .27368E+02
          .27368E+02  .27368E+02  .27368E+02  .19892E+02  .10196E+02
          .61868E+01  .35164E+01  .21034E+01  .12579E+01  .74889E+00
          .19081E+00 -.66111E-01 -.24894E+00
         -.19800E+01 -.21070E+01 -.22350E+01 -.23660E+01 -.25010E+01
         -.26420E+01 -.27910E+01 -.29440E+01 -.30210E+01 -.27830E+01
         -.23530E+01 -.21520E+01 -.21810E+01 -.23550E+01 -.26160E+01
         -.32630E+01 -.39780E+01 -.54590E+01
         -.50757E+00 -.50886E+00 -.51700E+00 -.53116E+00 -.55038E+00
         -.57934E+00 -.61225E+00 -.59565E+00  .23484E+00  .15883E+01
          .14280E+01  .27184E+00 -.45134E+00 -.90248E+00 -.11587E+01
         -.13886E+01 -.14590E+01 -.14920E+01
         -.23491E+01 -.22271E+01 -.21071E+01 -.19901E+01 -.18781E+01
         -.17741E+01 -.16771E+01 -.14351E+01 -.41512E+00  .43788E+00
          .10269E+01  .14589E+01  .17599E+01  .19609E+01  .20909E+01
          .22099E+01  .22009E+01  .19949E+01
          .48943E+00  .48513E+00  .47405E+00  .46268E+00  .42323E+00
          .43640E+00  .24316E+00  .26590E+01  .42650E+01  .27570E+01
          .20111E+01  .14507E+01  .98200E+00  .64527E+00  .40893E+00
          .89895E-01 -.10851E+00 -.25475E+00
         -.44819E+02 -.40495E+02 -.36172E+02 -.31848E+02 -.27524E+02
         -.23200E+02 -.18877E+02 -.14553E+02 -.10229E+02 -.62960E+01
         -.40430E+01 -.27420E+01 -.19780E+01 -.15190E+01 -.12420E+01
         -.99200E+00 -.95300E+00 -.11310E+01
          .17295E+02  .17295E+02  .17295E+02  .17295E+02  .17295E+02
          .17295E+02  .17295E+02  .17295E+02  .17295E+02  .12606E+02
          .65138E+01  .39870E+01  .23180E+01  .14168E+01  .84674E+00
          .23395E+00 -.48526E-01 -.24274E+00
         -.19150E+01 -.20420E+01 -.21700E+01 -.23000E+01 -.24340E+01
         -.25730E+01 -.27190E+01 -.28620E+01 -.28750E+01 -.26760E+01
         -.23610E+01 -.21730E+01 -.21900E+01 -.23530E+01 -.26060E+01
         -.32450E+01 -.39560E+01 -.54330E+01
         -.50729E+00 -.50942E+00 -.51501E+00 -.52652E+00 -.54691E+00
         -.56185E+00 -.62569E+00 -.40338E+00  .36721E+00  .11666E+01
          .11346E+01  .33112E+00 -.40708E+00 -.86281E+00 -.11337E+01
         -.13784E+01 -.14529E+01 -.14891E+01
         -.22861E+01 -.21631E+01 -.20431E+01 -.19251E+01 -.18121E+01
         -.17051E+01 -.16051E+01 -.12681E+01 -.13312E+00  .67788E+00
          .11699E+01  .15089E+01  .17579E+01  .19359E+01  .20589E+01
          .21769E+01  .21709E+01  .19669E+01
          .49495E+00  .48610E+00  .47664E+00  .46333E+00  .44202E+00
          .40858E+00  .40766E+00  .32048E+01  .44372E+01  .23983E+01
          .16056E+01  .11513E+01  .84502E+00  .59257E+00  .39671E+00
          .94605E-01 -.10313E+00 -.25444E+00
         -.49388E+02 -.44624E+02 -.39861E+02 -.35097E+02 -.30333E+02
         -.25569E+02 -.20806E+02 -.16042E+02 -.11278E+02 -.69460E+01
         -.44690E+01 -.30380E+01 -.21950E+01 -.16860E+01 -.13770E+01
         -.10940E+01 -.10410E+01 -.12080E+01
          .19055E+02  .19055E+02  .19055E+02  .19055E+02  .19055E+02
          .19055E+02  .19055E+02  .19055E+02  .19055E+02  .13874E+02
          .71577E+01  .43916E+01  .25641E+01  .15760E+01  .94793E+00
          .27444E+00 -.29707E-01 -.23565E+00
         -.18540E+01 -.19800E+01 -.21080E+01 -.22380E+01 -.23700E+01
         -.25080E+01 -.26520E+01 -.27890E+01 -.27600E+01 -.25660E+01
         -.23410E+01 -.21860E+01 -.22000E+01 -.23550E+01 -.26020E+01
         -.32340E+01 -.39420E+01 -.54140E+01
         -.50241E+00 -.50719E+00 -.51685E+00 -.52143E+00 -.54143E+00
         -.55284E+00 -.63122E+00 -.29429E+00  .51239E+00  .92075E+00
          .83261E+00  .30880E+00 -.37581E+00 -.83357E+00 -.11139E+01
         -.13695E+01 -.14482E+01 -.14839E+01
         -.22271E+01 -.21041E+01 -.19831E+01 -.18651E+01 -.17501E+01
         -.16421E+01 -.15401E+01 -.11821E+01 -.20120E-01  .79388E+00
          .12599E+01  .15529E+01  .17609E+01  .19159E+01  .20299E+01
          .21439E+01  .21389E+01  .19379E+01
          .49343E+00  .48913E+00  .47804E+00  .46673E+00  .45105E+00
          .40507E+00  .44868E+00  .33202E+01  .45104E+01  .23502E+01
          .14490E+01  .96203E+00  .71494E+00  .53422E+00  .37618E+00
          .94476E-01 -.10008E+00 -.25146E+00
         -.53867E+02 -.48672E+02 -.43478E+02 -.38284E+02 -.33090E+02
         -.27896E+02 -.22701E+02 -.17507E+02 -.12313E+02 -.75900E+01
         -.48910E+01 -.33310E+01 -.24080E+01 -.18480E+01 -.15060E+01
         -.11910E+01 -.11240E+01 -.12820E+01
          .20777E+02  .20777E+02  .20777E+02  .20777E+02  .20777E+02
          .20777E+02  .20777E+02  .20777E+02  .20777E+02  .15122E+02
          .77974E+01  .47958E+01  .28152E+01  .17394E+01  .10510E+01
          .31292E+00 -.10697E-01 -.23165E+00
         -.17960E+01 -.19230E+01 -.20500E+01 -.21790E+01 -.23110E+01
         -.24470E+01 -.25890E+01 -.27060E+01 -.25900E+01 -.23890E+01
         -.22600E+01 -.21710E+01 -.22000E+01 -.23560E+01 -.25990E+01
         -.32270E+01 -.39320E+01 -.53990E+01
         -.50844E+00 -.50713E+00 -.51106E+00 -.52063E+00 -.53842E+00
         -.54170E+00 -.63079E+00 -.43141E-01  .79136E+00  .68172E+00
          .44177E+00  .16720E+00 -.39056E+00 -.82497E+00 -.10976E+01
         -.13646E+01 -.14421E+01 -.14795E+01
         -.21711E+01 -.20481E+01 -.19271E+01 -.18071E+01 -.16921E+01
         -.15821E+01 -.14751E+01 -.95612E+00  .23488E+00  .99388E+00
          .14099E+01  .16499E+01  .18089E+01  .19289E+01  .20219E+01
          .21219E+01  .21139E+01  .19129E+01
          .49446E+00  .48708E+00  .48523E+00  .46402E+00  .47868E+00
          .32124E+00  .84035E+00  .38294E+01  .43622E+01  .21218E+01
          .12504E+01  .74841E+00  .54393E+00  .42386E+00  .31661E+00
          .84607E-01 -.10304E+00 -.24998E+00
         -.58362E+02 -.52736E+02 -.47110E+02 -.41484E+02 -.35858E+02
         -.30232E+02 -.24606E+02 -.18980E+02 -.13354E+02 -.82390E+01
         -.53180E+01 -.36270E+01 -.26200E+01 -.20060E+01 -.16310E+01
         -.12840E+01 -.12050E+01 -.13530E+01
          .22504E+02  .22504E+02  .22504E+02  .22504E+02  .22504E+02
          .22504E+02  .22504E+02  .22504E+02  .22504E+02  .16372E+02
          .84396E+01  .52134E+01  .30826E+01  .19082E+01  .11527E+01
          .34962E+00  .48670E-02 -.22443E+00
         -.17420E+01 -.18680E+01 -.19950E+01 -.21240E+01 -.22550E+01
         -.23900E+01 -.25310E+01 -.26340E+01 -.24840E+01 -.22880E+01
         -.22080E+01 -.21680E+01 -.22140E+01 -.23710E+01 -.26120E+01
         -.32360E+01 -.39380E+01 -.54000E+01
         -.50343E+00 -.50513E+00 -.51204E+00 -.51871E+00 -.53311E+00
         -.54086E+00 -.61546E+00  .74685E-01  .88072E+00  .55446E+00
          .21346E+00  .31694E-01 -.41224E+00 -.81874E+00 -.10888E+01
         -.13576E+01 -.14367E+01 -.14747E+01
         -.21181E+01 -.19951E+01 -.18731E+01 -.17541E+01 -.16371E+01
         -.15261E+01 -.14151E+01 -.84712E+00  .32588E+00  .10629E+01
          .14619E+01  .16789E+01  .18129E+01  .19119E+01  .19929E+01
          .20849E+01  .20769E+01  .18779E+01
          .49264E+00  .49072E+00  .48447E+00  .46339E+00  .49398E+00
          .29667E+00  .98332E+00  .39180E+01  .42365E+01  .20559E+01
          .11720E+01  .64808E+00  .44768E+00  .35719E+00  .28354E+00
          .80350E-01 -.10095E+00 -.24803E+00
         -.63197E+02 -.57107E+02 -.51018E+02 -.44928E+02 -.38839E+02
         -.32749E+02 -.26660E+02 -.20570E+02 -.14481E+02 -.89450E+01
         -.57830E+01 -.39430E+01 -.28400E+01 -.21660E+01 -.17560E+01
         -.13760E+01 -.12840E+01 -.14240E+01
          .24358E+02  .24358E+02  .24358E+02  .24358E+02  .24358E+02
          .24358E+02  .24358E+02  .24358E+02  .24358E+02  .17716E+02
          .91533E+01  .56945E+01  .33845E+01  .20913E+01  .12582E+01
          .38809E+00  .21421E-01 -.22071E+00
         -.16910E+01 -.18170E+01 -.19440E+01 -.20720E+01 -.22020E+01
         -.23370E+01 -.24750E+01 -.25550E+01 -.23540E+01 -.21650E+01
         -.21310E+01 -.21510E+01 -.22260E+01 -.23910E+01 -.26340E+01
         -.32550E+01 -.39530E+01 -.54080E+01
         -.50317E+00 -.50566E+00 -.51020E+00 -.51356E+00 -.53157E+00
         -.54017E+00 -.58376E+00  .25922E+00  .99887E+00  .42529E+00
         -.24032E-01 -.16116E+00 -.47132E+00 -.83358E+00 -.10904E+01
         -.13486E+01 -.14293E+01 -.14678E+01
         -.20691E+01 -.19451E+01 -.18231E+01 -.17031E+01 -.15861E+01
         -.14731E+01 -.13551E+01 -.68112E+00  .46588E+00  .11669E+01
          .15399E+01  .17329E+01  .18399E+01  .19139E+01  .19769E+01
          .20549E+01  .20429E+01  .18439E+01
          .49829E+00  .49143E+00  .48800E+00  .46056E+00  .51376E+00
          .24441E+00  .12806E+01  .41372E+01  .40228E+01  .19477E+01
          .10744E+01  .54662E+00  .33910E+00  .26897E+00  .22900E+00
          .68050E-01 -.10520E+00 -.24590E+00
         -.67794E+02 -.61266E+02 -.54739E+02 -.48211E+02 -.41683E+02
         -.35156E+02 -.28628E+02 -.22101E+02 -.15573E+02 -.96380E+01
         -.62420E+01 -.42500E+01 -.30470E+01 -.23150E+01 -.18720E+01
         -.14630E+01 -.13600E+01 -.14920E+01
          .26110E+02  .26110E+02  .26110E+02  .26110E+02  .26110E+02
          .26110E+02  .26110E+02  .26110E+02  .26110E+02  .18999E+02
          .98652E+01  .61962E+01  .36901E+01  .22633E+01  .13566E+01
          .41984E+00  .36059E-01 -.21603E+00
         -.16420E+01 -.17680E+01 -.18940E+01 -.20220E+01 -.21520E+01
         -.22860E+01 -.24230E+01 -.24900E+01 -.22650E+01 -.20750E+01
         -.20620E+01 -.21250E+01 -.22350E+01 -.24150E+01 -.26630E+01
         -.32850E+01 -.39800E+01 -.54270E+01
         -.50450E+00 -.50300E+00 -.50748E+00 -.51506E+00 -.52828E+00
         -.53981E+00 -.56448E+00  .34974E+00  .10615E+01  .38411E+00
         -.16199E+00 -.33616E+00 -.56936E+00 -.86639E+00 -.11011E+01
         -.13447E+01 -.14220E+01 -.14595E+01
         -.20211E+01 -.18981E+01 -.17751E+01 -.16551E+01 -.15371E+01
         -.14231E+01 -.13011E+01 -.61212E+00  .51888E+00  .12129E+01
          .15809E+01  .17659E+01  .18579E+01  .19129E+01  .19609E+01
          .20229E+01  .20069E+01  .18059E+01
          .49179E+00  .49242E+00  .49054E+00  .46143E+00  .51976E+00
          .24354E+00  .13381E+01  .41361E+01  .39574E+01  .19341E+01
          .10500E+01  .50198E+00  .26611E+00  .19757E+00  .17961E+00
          .51181E-01 -.10834E+00 -.24733E+00
         -.46332E+02 -.42337E+02 -.38342E+02 -.34346E+02 -.30351E+02
         -.26356E+02 -.22361E+02 -.18365E+02 -.14370E+02 -.10375E+02
         -.67240E+01 -.45560E+01 -.32470E+01 -.24560E+01 -.19830E+01
         -.15470E+01 -.14340E+01 -.15590E+01
          .15981E+02  .15981E+02  .15981E+02  .15981E+02  .15981E+02
          .15981E+02  .15981E+02  .15981E+02  .15981E+02  .15981E+02
          .11850E+02  .64469E+01  .40863E+01  .24077E+01  .14507E+01
          .44849E+00  .49367E-01 -.21218E+00
         -.15950E+01 -.17210E+01 -.18480E+01 -.19750E+01 -.21050E+01
         -.22380E+01 -.23730E+01 -.24190E+01 -.21670E+01 -.19830E+01
         -.19910E+01 -.20960E+01 -.22470E+01 -.24510E+01 -.27100E+01
         -.33360E+01 -.40280E+01 -.54620E+01
         -.50274E+00 -.50653E+00 -.50716E+00 -.51284E+00 -.52549E+00
         -.54119E+00 -.52574E+00  .47214E+00  .11092E+01  .32315E+00
         -.28978E+00 -.52003E+00 -.70212E+00 -.93150E+00 -.11279E+01
         -.13418E+01 -.14130E+01 -.14445E+01
         -.19761E+01 -.18521E+01 -.17301E+01 -.16091E+01 -.14901E+01
         -.13761E+01 -.12461E+01 -.50312E+00  .59988E+00  .12729E+01
          .16279E+01  .17999E+01  .18779E+01  .19159E+01  .19469E+01
          .19899E+01  .19689E+01  .17659E+01
          .49855E+00  .49091E+00  .48982E+00  .46581E+00  .52693E+00
          .22249E+00  .15111E+01  .42090E+01  .38049E+01  .18833E+01
          .99779E+00  .44952E+00  .20411E+00  .12602E+00  .11980E+00
          .31181E-01 -.11252E+00 -.24824E+00
         -.50337E+02 -.45990E+02 -.41642E+02 -.37294E+02 -.32946E+02
         -.28598E+02 -.24250E+02 -.19902E+02 -.15554E+02 -.11206E+02
         -.72270E+01 -.48470E+01 -.34290E+01 -.25870E+01 -.20870E+01
         -.16280E+01 -.15070E+01 -.16270E+01
          .17392E+02  .17392E+02  .17392E+02  .17392E+02  .17392E+02
          .17392E+02  .17392E+02  .17392E+02  .17392E+02  .17392E+02
          .12964E+02  .70583E+01  .43782E+01  .25488E+01  .15307E+01
          .47247E+00  .59466E-01 -.20973E+00
         -.15510E+01 -.16770E+01 -.18030E+01 -.19310E+01 -.20600E+01
         -.21920E+01 -.23250E+01 -.23450E+01 -.20680E+01 -.18950E+01
         -.19230E+01 -.20650E+01 -.22640E+01 -.25030E+01 -.27820E+01
         -.34190E+01 -.41060E+01 -.55220E+01
         -.50451E+00 -.50298E+00 -.50757E+00 -.51473E+00 -.51751E+00
         -.54724E+00 -.47353E+00  .60535E+00  .11361E+01  .25007E+00
         -.39644E+00 -.70432E+00 -.87827E+00 -.10386E+01 -.11833E+01
         -.13408E+01 -.13975E+01 -.14252E+01
         -.19331E+01 -.18091E+01 -.16861E+01 -.15651E+01 -.14461E+01
         -.13311E+01 -.11891E+01 -.39712E+00  .66188E+00  .13069E+01
          .16459E+01  .18089E+01  .18749E+01  .18999E+01  .19179E+01
          .19469E+01  .19209E+01  .17179E+01
          .49724E+00  .49352E+00  .49268E+00  .46377E+00  .53224E+00
          .21528E+00  .16907E+01  .42301E+01  .36009E+01  .18144E+01
          .94949E+00  .41163E+00  .15198E+00  .72429E-01  .74300E-01
          .15342E-01 -.11767E+00 -.24566E+00
         -.56964E+02 -.51989E+02 -.47015E+02 -.42041E+02 -.37066E+02
         -.32092E+02 -.27118E+02 -.22144E+02 -.17169E+02 -.12195E+02
         -.76710E+01 -.50810E+01 -.35810E+01 -.27010E+01 -.21790E+01
         -.16810E+01 -.15300E+01 -.16190E+01
          .19897E+02  .19897E+02  .19897E+02  .19897E+02  .19897E+02
          .19897E+02  .19897E+02  .19897E+02  .19897E+02  .19897E+02
          .14494E+02  .74958E+01  .46029E+01  .26525E+01  .16112E+01
          .54384E+00  .10742E+00 -.18721E+00
         -.15090E+01 -.16350E+01 -.17610E+01 -.18880E+01 -.20170E+01
         -.21480E+01 -.22800E+01 -.22700E+01 -.19750E+01 -.18160E+01
         -.18510E+01 -.19570E+01 -.20480E+01 -.21790E+01 -.23850E+01
         -.29650E+01 -.36490E+01 -.50970E+01
         -.50408E+00 -.50384E+00 -.50457E+00 -.51388E+00 -.51189E+00
         -.55855E+00 -.40990E+00  .73416E+00  .11333E+01  .18078E+00
         -.36838E+00 -.39926E+00 -.39857E+00 -.67046E+00 -.96358E+00
         -.13016E+01 -.14140E+01 -.14650E+01
         -.18921E+01 -.17681E+01 -.16451E+01 -.15241E+01 -.14041E+01
         -.12881E+01 -.11311E+01 -.28412E+00  .73988E+00  .13589E+01
          .16859E+01  .18479E+01  .19299E+01  .19779E+01  .20139E+01
          .20649E+01  .20629E+01  .18929E+01
          .49718E+00  .49364E+00  .49227E+00  .46530E+00  .53854E+00
          .21255E+00  .18872E+01  .42865E+01  .34189E+01  .17538E+01
          .91789E+00  .44263E+00  .23958E+00  .15904E+00  .13225E+00
          .58432E-01 -.71975E-01 -.21901E+00
         -.59684E+02 -.54475E+02 -.49265E+02 -.44056E+02 -.38847E+02
         -.33638E+02 -.28429E+02 -.23219E+02 -.18010E+02 -.12801E+02
         -.80630E+01 -.53490E+01 -.37760E+01 -.28510E+01 -.23020E+01
         -.17750E+01 -.16090E+01 -.16880E+01
          .20837E+02  .20837E+02  .20837E+02  .20837E+02  .20837E+02
          .20837E+02  .20837E+02  .20837E+02  .20837E+02  .20837E+02
          .15182E+02  .78573E+01  .48322E+01  .27900E+01  .16958E+01
          .58344E+00  .12848E+00 -.18274E+00
         -.14600E+01 -.15860E+01 -.17120E+01 -.18390E+01 -.19680E+01
         -.20990E+01 -.22150E+01 -.20980E+01 -.18260E+01 -.17450E+01
         -.18360E+01 -.19770E+01 -.20850E+01 -.22180E+01 -.24230E+01
         -.29990E+01 -.36790E+01 -.51180E+01
         -.50399E+00 -.50402E+00 -.50393E+00 -.51626E+00 -.50301E+00
         -.59169E+00 -.94228E-01  .98060E+00  .83983E+00 -.10391E+00
         -.54419E+00 -.50334E+00 -.43046E+00 -.66683E+00 -.95823E+00
         -.12930E+01 -.14059E+01 -.14555E+01
         -.18471E+01 -.17231E+01 -.16001E+01 -.14781E+01 -.13581E+01
         -.12401E+01 -.96112E+00  .81880E-01  .97288E+00  .14819E+01
          .17409E+01  .18619E+01  .19169E+01  .19459E+01  .19689E+01
          .20099E+01  .20099E+01  .18459E+01
          .49716E+00  .49367E+00  .49215E+00  .47772E+00  .50097E+00
          .37439E+00  .27655E+01  .44278E+01  .27315E+01  .14463E+01
          .69947E+00  .31586E+00  .14910E+00  .95728E-01  .91981E-01
          .54655E-01 -.64602E-01 -.21370E+00
         -.62428E+02 -.56983E+02 -.51538E+02 -.46092E+02 -.40647E+02
         -.35202E+02 -.29757E+02 -.24312E+02 -.18867E+02 -.13422E+02
         -.84690E+01 -.56290E+01 -.39790E+01 -.30100E+01 -.24330E+01
         -.18750E+01 -.16940E+01 -.17620E+01
          .21780E+02  .21780E+02  .21780E+02  .21780E+02  .21780E+02
          .21780E+02  .21780E+02  .21780E+02  .21780E+02  .21780E+02
          .15875E+02  .82343E+01  .50673E+01  .29244E+01  .17871E+01
          .62439E+00  .14931E+00 -.17666E+00
         -.14220E+01 -.15480E+01 -.16740E+01 -.18010E+01 -.19290E+01
         -.20590E+01 -.21650E+01 -.20220E+01 -.17810E+01 -.17340E+01
         -.18450E+01 -.20040E+01 -.21250E+01 -.22640E+01 -.24700E+01
         -.30430E+01 -.37190E+01 -.51490E+01
         -.50407E+00 -.50386E+00 -.50450E+00 -.51416E+00 -.49888E+00
         -.58634E+00  .12222E-01  .98145E+00  .66998E+00 -.20539E+00
         -.61643E+00 -.56887E+00 -.46807E+00 -.67884E+00 -.95656E+00
         -.12849E+01 -.13977E+01 -.14462E+01
         -.18091E+01 -.16851E+01 -.15621E+01 -.14401E+01 -.13191E+01
         -.12001E+01 -.85512E+00  .19088E+00  .10199E+01  .14879E+01
          .17229E+01  .18299E+01  .18739E+01  .18929E+01  .19079E+01
          .19429E+01  .19479E+01  .17939E+01
          .49666E+00  .49467E+00  .48864E+00  .49076E+00  .46430E+00
          .53202E+00  .29756E+01  .42575E+01  .24944E+01  .13288E+01
          .62638E+00  .26968E+00  .10688E+00  .58777E-01  .66008E-01
          .56398E-01 -.51599E-01 -.20520E+00
         -.65231E+02 -.59546E+02 -.53862E+02 -.48177E+02 -.42493E+02
         -.36808E+02 -.31124E+02 -.25439E+02 -.19755E+02 -.14070E+02
         -.88980E+01 -.59270E+01 -.41970E+01 -.31800E+01 -.25740E+01
         -.19820E+01 -.17840E+01 -.18400E+01
          .22738E+02  .22738E+02  .22738E+02  .22738E+02  .22738E+02
          .22738E+02  .22738E+02  .22738E+02  .22738E+02  .22738E+02
          .16588E+02  .86268E+01  .53169E+01  .30696E+01  .18809E+01
          .67166E+00  .17249E+00 -.17024E+00
         -.13850E+01 -.15110E+01 -.16370E+01 -.17630E+01 -.18910E+01
         -.20210E+01 -.21360E+01 -.20430E+01 -.18210E+01 -.17680E+01
         -.18740E+01 -.20350E+01 -.21700E+01 -.23190E+01 -.25290E+01
         -.31010E+01 -.37730E+01 -.51910E+01
         -.50373E+00 -.50455E+00 -.50209E+00 -.51109E+00 -.50155E+00
         -.57869E+00 -.12367E+00  .80938E+00  .66615E+00 -.17400E+00
         -.60616E+00 -.60535E+00 -.52444E+00 -.70488E+00 -.96405E+00
         -.12779E+01 -.13882E+01 -.14329E+01
         -.17731E+01 -.16491E+01 -.15261E+01 -.14031E+01 -.12831E+01
         -.11641E+01 -.88612E+00  .77880E-01  .92288E+00  .14099E+01
          .16569E+01  .17679E+01  .18119E+01  .18259E+01  .18349E+01
          .18659E+01  .18769E+01  .17349E+01
          .49743E+00  .49313E+00  .49404E+00  .48271E+00  .49112E+00
          .42082E+00  .25896E+01  .41248E+01  .26192E+01  .13823E+01
          .65942E+00  .27598E+00  .96654E-01  .33402E-01  .45738E-01
          .60772E-01 -.36826E-01 -.19459E+00
         -.69641E+02 -.63575E+02 -.57508E+02 -.51442E+02 -.45375E+02
         -.39308E+02 -.33242E+02 -.27175E+02 -.21109E+02 -.15042E+02
         -.95190E+01 -.63340E+01 -.44810E+01 -.33950E+01 -.27490E+01
         -.21090E+01 -.18890E+01 -.19290E+01
          .24266E+02  .24266E+02  .24266E+02  .24266E+02  .24266E+02
          .24266E+02  .24266E+02  .24266E+02  .24266E+02  .24266E+02
          .17743E+02  .92570E+01  .56847E+01  .32722E+01  .20104E+01
          .73714E+00  .20104E+00 -.16052E+00
         -.13500E+01 -.14750E+01 -.16010E+01 -.17280E+01 -.18560E+01
         -.19850E+01 -.20950E+01 -.20000E+01 -.18050E+01 -.17750E+01
         -.18950E+01 -.20780E+01 -.22450E+01 -.24140E+01 -.26300E+01
         -.31990E+01 -.38620E+01 -.52600E+01
         -.49901E+00 -.50197E+00 -.50510E+00 -.51364E+00 -.50036E+00
         -.56893E+00 -.91905E-01  .75655E+00  .54569E+00 -.23933E+00
         -.66839E+00 -.72311E+00 -.63915E+00 -.75227E+00 -.97176E+00
         -.12629E+01 -.13686E+01 -.14127E+01
         -.17391E+01 -.16151E+01 -.14911E+01 -.13681E+01 -.12481E+01
         -.11271E+01 -.82312E+00  .12288E+00  .92788E+00  .13899E+01
          .16209E+01  .17219E+01  .17549E+01  .17569E+01  .17539E+01
          .17749E+01  .17939E+01  .16669E+01
          .49593E+00  .49614E+00  .49550E+00  .48585E+00  .47710E+00
          .49777E+00  .26318E+01  .39749E+01  .24807E+01  .13063E+01
          .61018E+00  .23699E+00  .49869E-01 -.16463E-01  .39824E-02
          .63030E-01 -.16102E-01 -.18245E+00
         -.73143E+02 -.66775E+02 -.60407E+02 -.54039E+02 -.47671E+02
         -.41303E+02 -.34935E+02 -.28567E+02 -.22199E+02 -.15831E+02
         -.10031E+02 -.66780E+01 -.47350E+01 -.36010E+01 -.29230E+01
         -.22400E+01 -.19970E+01 -.20210E+01
          .25472E+02  .25472E+02  .25472E+02  .25472E+02  .25472E+02
          .25472E+02  .25472E+02  .25472E+02  .25472E+02  .25472E+02
          .18656E+02  .97386E+01  .59413E+01  .34203E+01  .21215E+01
          .80049E+00  .23255E+00 -.15227E+00
         -.13140E+01 -.14390E+01 -.15650E+01 -.16920E+01 -.18190E+01
         -.19480E+01 -.20510E+01 -.19500E+01 -.17850E+01 -.17810E+01
         -.19160E+01 -.21190E+01 -.23240E+01 -.25300E+01 -.27660E+01
         -.33410E+01 -.39890E+01 -.53510E+01
         -.49914E+00 -.50173E+00 -.50596E+00 -.51043E+00 -.50032E+00
         -.56029E+00 -.42532E-01  .70641E+00  .40888E+00 -.31393E+00
         -.72518E+00 -.84137E+00 -.80534E+00 -.86927E+00 -.10216E+01
         -.12461E+01 -.13322E+01 -.13769E+01
         -.17041E+01 -.15801E+01 -.14561E+01 -.13331E+01 -.12121E+01
         -.10901E+01 -.74712E+00  .17288E+00  .92488E+00  .13539E+01
          .15669E+01  .16559E+01  .16789E+01  .16699E+01  .16539E+01
          .16659E+01  .16959E+01  .15899E+01
          .49556E+00  .49688E+00  .49291E+00  .49549E+00  .45314E+00
          .60795E+00  .26951E+01  .37678E+01  .22978E+01  .12131E+01
          .55399E+00  .19499E+00  .10043E-01 -.67165E-01 -.41383E-01
          .70630E-01  .10862E-01 -.16443E+00
         -.49503E+02 -.45612E+02 -.41721E+02 -.37831E+02 -.33940E+02
         -.30049E+02 -.26158E+02 -.22267E+02 -.18376E+02 -.14485E+02
         -.10594E+02 -.70540E+01 -.50230E+01 -.38450E+01 -.31330E+01
         -.23800E+01 -.20900E+01 -.20790E+01
          .15564E+02  .15564E+02  .15564E+02  .15564E+02  .15564E+02
          .15564E+02  .15564E+02  .15564E+02  .15564E+02  .15564E+02
          .15564E+02  .11353E+02  .58782E+01  .36426E+01  .22314E+01
          .93249E+00  .29664E+00 -.13182E+00
         -.12810E+01 -.14070E+01 -.15320E+01 -.16590E+01 -.17860E+01
         -.19140E+01 -.19900E+01 -.18510E+01 -.17200E+01 -.17540E+01
         -.19120E+01 -.21170E+01 -.22840E+01 -.24310E+01 -.26260E+01
         -.31690E+01 -.38190E+01 -.52020E+01
         -.50565E+00 -.50071E+00 -.50353E+00 -.50918E+00 -.50776E+00
         -.51977E+00  .13883E+00  .72044E+00  .21940E+00 -.43403E+00
         -.78727E+00 -.77291E+00 -.58511E+00 -.65466E+00 -.90025E+00
         -.12272E+01 -.13491E+01 -.13999E+01
         -.16721E+01 -.15481E+01 -.14241E+01 -.13011E+01 -.11801E+01
         -.10491E+01 -.57612E+00  .35088E+00  .10269E+01  .14009E+01
          .15809E+01  .16529E+01  .16719E+01  .16659E+01  .16549E+01
          .16709E+01  .17119E+01  .16259E+01
          .49493E+00  .49814E+00  .48850E+00  .51188E+00  .39199E+00
          .94415E+00  .30794E+01  .35382E+01  .20036E+01  .10473E+01
          .45510E+00  .15628E+00  .11791E-01 -.47440E-01 -.26030E-01
          .83058E-01  .35797E-01 -.14690E+00
         -.51458E+02 -.47432E+02 -.43406E+02 -.39381E+02 -.35355E+02
         -.31330E+02 -.27304E+02 -.23279E+02 -.19253E+02 -.15228E+02
         -.11202E+02 -.75400E+01 -.54400E+01 -.42140E+01 -.34480E+01
         -.25800E+01 -.22350E+01 -.21910E+01
          .16102E+02  .16102E+02  .16102E+02  .16102E+02  .16102E+02
          .16102E+02  .16102E+02  .16102E+02  .16102E+02  .16102E+02
          .16102E+02  .11740E+02  .60835E+01  .38383E+01  .24671E+01
          .11127E+01  .36011E+00 -.11406E+00
         -.12450E+01 -.13700E+01 -.14960E+01 -.16220E+01 -.17500E+01
         -.18760E+01 -.19440E+01 -.18800E+01 -.18530E+01 -.19470E+01
         -.21280E+01 -.23350E+01 -.24980E+01 -.26440E+01 -.28350E+01
         -.33590E+01 -.39820E+01 -.53130E+01
         -.49885E+00 -.50229E+00 -.50398E+00 -.50579E+00 -.52085E+00
         -.45883E+00  .28146E-01  .29824E+00 -.12911E+00 -.58579E+00
         -.82773E+00 -.75930E+00 -.57509E+00 -.64835E+00 -.87552E+00
         -.11782E+01 -.12939E+01 -.13496E+01
         -.16371E+01 -.15131E+01 -.13891E+01 -.12661E+01 -.11441E+01
         -.99912E+00 -.50212E+00  .29188E+00  .84588E+00  .11449E+01
          .12829E+01  .13339E+01  .13439E+01  .13359E+01  .13289E+01
          .14019E+01  .15239E+01  .15089E+01
          .49483E+00  .49834E+00  .48782E+00  .51439E+00  .39461E+00
          .11112E+01  .28647E+01  .29220E+01  .16232E+01  .82105E+00
          .33658E+00  .10062E+00 -.70698E-02 -.48342E-01  .20438E-01
          .24405E+00  .17334E+00 -.10917E+00
         -.65525E+02 -.60712E+02 -.55899E+02 -.51086E+02 -.46273E+02
         -.41460E+02 -.36647E+02 -.31834E+02 -.27021E+02 -.22208E+02
         -.17395E+02 -.12582E+02 -.82040E+01 -.56960E+01 -.42410E+01
         -.28840E+01 -.24230E+01 -.23200E+01
          .19252E+02  .19252E+02  .19252E+02  .19252E+02  .19252E+02
          .19252E+02  .19252E+02  .19252E+02  .19252E+02  .19252E+02
          .19252E+02  .19252E+02  .14032E+02  .72526E+01  .45138E+01
          .14741E+01  .49788E+00 -.94439E-01
         -.12150E+01 -.13400E+01 -.14660E+01 -.15920E+01 -.17190E+01
         -.18470E+01 -.19780E+01 -.21130E+01 -.22530E+01 -.24000E+01
         -.25560E+01 -.27220E+01 -.28270E+01 -.27370E+01 -.26670E+01
         -.29370E+01 -.35110E+01 -.48920E+01
         -.49886E+00 -.50228E+00 -.50402E+00 -.50564E+00 -.50940E+00
         -.51675E+00 -.53161E+00 -.54880E+00 -.57320E+00 -.60242E+00
         -.65311E+00 -.64914E+00 -.23430E-02  .47851E+00  .83170E-02
         -.94691E+00 -.12847E+01 -.14292E+01
         -.16071E+01 -.14831E+01 -.13591E+01 -.12361E+01 -.11141E+01
         -.99412E+00 -.87812E+00 -.76712E+00 -.66212E+00 -.56512E+00
         -.47712E+00 -.37412E+00  .31880E-01  .56888E+00  .92888E+00
          .13649E+01  .15729E+01  .15959E+01
          .49577E+00  .49647E+00  .49435E+00  .49012E+00  .48517E+00
          .47322E+00  .45397E+00  .43489E+00  .39846E+00  .39528E+00
          .24041E+00  .93509E+00  .21272E+01  .18720E+01  .11486E+01
          .62020E+00  .23456E+00 -.82781E-01
         -.68739E+02 -.63689E+02 -.58640E+02 -.53590E+02 -.48541E+02
         -.43491E+02 -.38442E+02 -.33392E+02 -.28343E+02 -.23293E+02
         -.18244E+02 -.13194E+02 -.86000E+01 -.59650E+01 -.44360E+01
         -.30090E+01 -.25230E+01 -.24050E+01
          .20198E+02  .20198E+02  .20198E+02  .20198E+02  .20198E+02
          .20198E+02  .20198E+02  .20198E+02  .20198E+02  .20198E+02
          .20198E+02  .20198E+02  .14732E+02  .76233E+01  .47433E+01
          .15516E+01  .52833E+00 -.87166E-01
         -.12080E+01 -.13330E+01 -.14590E+01 -.15850E+01 -.17110E+01
         -.18390E+01 -.19700E+01 -.21020E+01 -.22280E+01 -.23380E+01
         -.24580E+01 -.26120E+01 -.27510E+01 -.27370E+01 -.26990E+01
         -.29740E+01 -.35420E+01 -.49130E+01
         -.49895E+00 -.50209E+00 -.50468E+00 -.50317E+00 -.50663E+00
         -.51831E+00 -.52814E+00 -.52511E+00 -.46740E+00 -.43730E+00
         -.54339E+00 -.67715E+00 -.26402E+00  .23323E+00 -.44915E-01
         -.93497E+00 -.12732E+01 -.14199E+01
         -.15961E+01 -.14721E+01 -.13481E+01 -.12241E+01 -.11021E+01
         -.98112E+00 -.86412E+00 -.74312E+00 -.55212E+00 -.21212E+00
          .11988E+00  .32788E+00  .49388E+00  .73488E+00  .96588E+00
          .13179E+01  .15129E+01  .15439E+01
          .49615E+00  .49570E+00  .49704E+00  .49213E+00  .48643E+00
          .47814E+00  .45701E+00  .54983E+00  .10877E+01  .14715E+01
          .10903E+01  .64718E+00  .80894E+00  .10011E+01  .85076E+00
          .54926E+00  .23418E+00 -.70588E-01
         -.72009E+02 -.66720E+02 -.61430E+02 -.56140E+02 -.50850E+02
         -.45560E+02 -.40270E+02 -.34980E+02 -.29691E+02 -.24401E+02
         -.19111E+02 -.13821E+02 -.90080E+01 -.62450E+01 -.46380E+01
         -.31410E+01 -.26310E+01 -.24970E+01
          .21159E+02  .21159E+02  .21159E+02  .21159E+02  .21159E+02
          .21159E+02  .21159E+02  .21159E+02  .21159E+02  .21159E+02
          .21159E+02  .21159E+02  .15437E+02  .80042E+01  .49862E+01
          .16243E+01  .55862E+00 -.78311E-01
         -.11650E+01 -.12900E+01 -.14160E+01 -.15420E+01 -.16680E+01
         -.17960E+01 -.19260E+01 -.20550E+01 -.21680E+01 -.22660E+01
         -.23890E+01 -.25490E+01 -.27070E+01 -.27440E+01 -.27360E+01
         -.30170E+01 -.35770E+01 -.49240E+01
         -.49896E+00 -.50208E+00 -.50473E+00 -.50301E+00 -.50723E+00
         -.51605E+00 -.52456E+00 -.49372E+00 -.40455E+00 -.42007E+00
         -.56715E+00 -.70732E+00 -.41957E+00  .45604E-01 -.11084E+00
         -.92014E+00 -.12546E+01 -.13932E+01
         -.15571E+01 -.14331E+01 -.13091E+01 -.11851E+01 -.10621E+01
         -.94212E+00 -.82312E+00 -.68412E+00 -.41212E+00 -.17120E-01
          .29188E+00  .46288E+00  .57688E+00  .74688E+00  .93088E+00
          .12409E+01  .14339E+01  .14819E+01
          .49601E+00  .49598E+00  .49609E+00  .49569E+00  .48517E+00
          .47963E+00  .46433E+00  .75907E+00  .14314E+01  .15194E+01
          .93909E+00  .48427E+00  .54384E+00  .74837E+00  .71069E+00
          .51511E+00  .24687E+00 -.51435E-01
         -.75352E+02 -.69818E+02 -.64283E+02 -.58749E+02 -.53215E+02
         -.47680E+02 -.42146E+02 -.36612E+02 -.31077E+02 -.25543E+02
         -.20008E+02 -.14474E+02 -.94370E+01 -.65390E+01 -.48510E+01
         -.32820E+01 -.27480E+01 -.25980E+01
          .22138E+02  .22138E+02  .22138E+02  .22138E+02  .22138E+02
          .22138E+02  .22138E+02  .22138E+02  .22138E+02  .22138E+02
          .22138E+02  .22138E+02  .16169E+02  .84069E+01  .52356E+01
          .16985E+01  .58836E+00 -.69182E-01
         -.11240E+01 -.12490E+01 -.13750E+01 -.15010E+01 -.16270E+01
         -.17540E+01 -.18840E+01 -.20100E+01 -.21120E+01 -.22010E+01
         -.23220E+01 -.24830E+01 -.26550E+01 -.27420E+01 -.27740E+01
         -.30700E+01 -.36200E+01 -.49380E+01
         -.49893E+00 -.50213E+00 -.50454E+00 -.50372E+00 -.50458E+00
         -.51396E+00 -.52356E+00 -.46378E+00 -.35731E+00 -.39900E+00
         -.56671E+00 -.71816E+00 -.55665E+00 -.16323E+00 -.21843E+00
         -.90698E+00 -.12296E+01 -.13622E+01
         -.15191E+01 -.13951E+01 -.12711E+01 -.11471E+01 -.10241E+01
         -.90312E+00 -.78312E+00 -.62612E+00 -.30612E+00  .10788E+00
          .40688E+00  .56588E+00  .65488E+00  .76988E+00  .90388E+00
          .11579E+01  .13439E+01  .14109E+01
          .49604E+00  .49591E+00  .49631E+00  .49486E+00  .48824E+00
          .48018E+00  .48305E+00  .91162E+00  .15945E+01  .15186E+01
          .88728E+00  .42833E+00  .37542E+00  .51801E+00  .54054E+00
          .46073E+00  .25655E+00 -.27777E-01
         -.80696E+02 -.74764E+02 -.68831E+02 -.62899E+02 -.56967E+02
         -.51035E+02 -.45103E+02 -.39171E+02 -.33238E+02 -.27306E+02
         -.21374E+02 -.15442E+02 -.10041E+02 -.69280E+01 -.51230E+01
         -.34570E+01 -.28910E+01 -.27210E+01
          .23729E+02  .23729E+02  .23729E+02  .23729E+02  .23729E+02
          .23729E+02  .23729E+02  .23729E+02  .23729E+02  .23729E+02
          .23729E+02  .23729E+02  .17355E+02  .90203E+01  .55799E+01
          .17960E+01  .62819E+00 -.59094E-01
         -.10850E+01 -.12100E+01 -.13350E+01 -.14610E+01 -.15870E+01
         -.17150E+01 -.18430E+01 -.19600E+01 -.20190E+01 -.20640E+01
         -.21690E+01 -.23350E+01 -.25320E+01 -.26970E+01 -.28090E+01
         -.31470E+01 -.36860E+01 -.49620E+01
         -.50033E+00 -.49934E+00 -.50233E+00 -.50336E+00 -.50824E+00
         -.51169E+00 -.51700E+00 -.36032E+00 -.15372E+00 -.27280E+00
         -.55506E+00 -.75895E+00 -.76515E+00 -.52447E+00 -.46098E+00
         -.90118E+00 -.11963E+01 -.13159E+01
         -.14831E+01 -.13591E+01 -.12341E+01 -.11111E+01 -.98812E+00
         -.86612E+00 -.74312E+00 -.52012E+00 -.45120E-01  .44488E+00
          .75488E+00  .90888E+00  .96988E+00  .10029E+01  .10369E+01
          .11389E+01  .12689E+01  .13379E+01
          .49438E+00  .49924E+00  .49667E+00  .49008E+00  .49500E+00
          .46991E+00  .56536E+00  .14206E+01  .21281E+01  .16470E+01
          .88391E+00  .38535E+00  .15470E+00  .12387E+00  .15382E+00
          .25732E+00  .20888E+00 -.94105E-03
         -.53495E+02 -.49912E+02 -.46329E+02 -.42746E+02 -.39164E+02
         -.35581E+02 -.31998E+02 -.28415E+02 -.24832E+02 -.21249E+02
         -.17666E+02 -.14083E+02 -.10500E+02 -.72370E+01 -.53560E+01
         -.36300E+01 -.30440E+01 -.28560E+01
          .14332E+02  .14332E+02  .14332E+02  .14332E+02  .14332E+02
          .14332E+02  .14332E+02  .14332E+02  .14332E+02  .14332E+02
          .14332E+02  .14332E+02  .14332E+02  .10492E+02  .54264E+01
          .19568E+01  .61824E+00 -.27119E-01
         -.10450E+01 -.11700E+01 -.12960E+01 -.14210E+01 -.15480E+01
         -.16750E+01 -.18030E+01 -.19280E+01 -.20220E+01 -.21020E+01
         -.22180E+01 -.23780E+01 -.25630E+01 -.27370E+01 -.28830E+01
         -.32500E+01 -.37690E+01 -.49860E+01
         -.49849E+00 -.50303E+00 -.50141E+00 -.50333E+00 -.50926E+00
         -.50763E+00 -.52023E+00 -.44747E+00 -.31790E+00 -.36894E+00
         -.55836E+00 -.70964E+00 -.74310E+00 -.62598E+00 -.59298E+00
         -.89616E+00 -.11384E+01 -.12563E+01
         -.14461E+01 -.13231E+01 -.11981E+01 -.10741E+01 -.95112E+00
         -.82912E+00 -.70812E+00 -.54212E+00 -.20812E+00  .20588E+00
          .50488E+00  .66288E+00  .73188E+00  .77088E+00  .80588E+00
          .91788E+00  .10809E+01  .12189E+01
          .48964E+00  .49672E+00  .49949E+00  .49331E+00  .49127E+00
          .48162E+00  .49824E+00  .96943E+00  .16241E+01  .15104E+01
          .89051E+00  .41161E+00  .18705E+00  .13620E+00  .15616E+00
          .30266E+00  .28322E+00  .65392E-01
         -.55175E+02 -.51484E+02 -.47794E+02 -.44103E+02 -.40412E+02
         -.36721E+02 -.33030E+02 -.29339E+02 -.25648E+02 -.21958E+02
         -.18267E+02 -.14576E+02 -.10885E+02 -.75260E+01 -.55990E+01
         -.38360E+01 -.32360E+01 -.30290E+01
          .14763E+02  .14763E+02  .14763E+02  .14763E+02  .14763E+02
          .14763E+02  .14763E+02  .14763E+02  .14763E+02  .14763E+02
          .14763E+02  .14763E+02  .14763E+02  .10781E+02  .55442E+01
          .19988E+01  .63872E+00 -.88582E-02
         -.10080E+01 -.11340E+01 -.12590E+01 -.13850E+01 -.15110E+01
         -.16380E+01 -.17650E+01 -.18790E+01 -.19480E+01 -.20170E+01
         -.21380E+01 -.23060E+01 -.24960E+01 -.26600E+01 -.27710E+01
         -.30900E+01 -.36080E+01 -.48510E+01
         -.50538E+00 -.50125E+00 -.50164E+00 -.50420E+00 -.50557E+00
         -.50951E+00 -.50437E+00 -.36499E+00 -.23166E+00 -.36436E+00
         -.59091E+00 -.73999E+00 -.74511E+00 -.52755E+00 -.44469E+00
         -.85473E+00 -.11584E+01 -.12853E+01
         -.14131E+01 -.12881E+01 -.11641E+01 -.10401E+01 -.91712E+00
         -.79512E+00 -.66812E+00 -.44112E+00 -.14120E-01  .41388E+00
          .68588E+00  .81988E+00  .87288E+00  .90988E+00  .95688E+00
          .10569E+01  .11539E+01  .12319E+01
          .50117E+00  .49765E+00  .49621E+00  .49351E+00  .49377E+00
          .47142E+00  .60854E+00  .13424E+01  .18697E+01  .14386E+01
          .77568E+00  .33062E+00  .14585E+00  .16597E+00  .19826E+00
          .20648E+00  .15783E+00  .38087E-01
         -.57160E+02 -.53351E+02 -.49543E+02 -.45734E+02 -.41926E+02
         -.38117E+02 -.34309E+02 -.30500E+02 -.26692E+02 -.22883E+02
         -.19075E+02 -.15266E+02 -.11458E+02 -.79920E+01 -.60040E+01
         -.41860E+01 -.35600E+01 -.33060E+01
          .15234E+02  .15234E+02  .15234E+02  .15234E+02  .15234E+02
          .15234E+02  .15234E+02  .15234E+02  .15234E+02  .15234E+02
          .15234E+02  .15234E+02  .15234E+02  .11124E+02  .57177E+01
          .20656E+01  .68397E+00  .39015E-01
         -.97100E+00 -.10970E+01 -.12220E+01 -.13470E+01 -.14740E+01
         -.16000E+01 -.17230E+01 -.18300E+01 -.19340E+01 -.20590E+01
         -.22100E+01 -.23760E+01 -.25500E+01 -.27090E+01 -.28410E+01
         -.31830E+01 -.36800E+01 -.48660E+01
         -.50489E+00 -.50221E+00 -.49825E+00 -.50478E+00 -.50662E+00
         -.50476E+00 -.46236E+00 -.40580E+00 -.44643E+00 -.55647E+00
         -.63968E+00 -.68881E+00 -.68509E+00 -.56683E+00 -.53959E+00
         -.84881E+00 -.10992E+01 -.12294E+01
         -.13791E+01 -.12551E+01 -.11301E+01 -.10051E+01 -.88212E+00
         -.75812E+00 -.59912E+00 -.29412E+00  .10188E+00  .38388E+00
          .52888E+00  .58588E+00  .59988E+00  .62488E+00  .67588E+00
          .78788E+00  .90388E+00  .10789E+01
          .49508E+00  .49784E+00  .50156E+00  .49590E+00  .49082E+00
          .50482E+00  .88589E+00  .15196E+01  .14476E+01  .82592E+00
          .37271E+00  .10723E+00  .50354E-01  .15935E+00  .22425E+00
          .23181E+00  .21652E+00  .15424E+00
         -.72186E+02 -.68066E+02 -.63946E+02 -.59826E+02 -.55706E+02
         -.51586E+02 -.47466E+02 -.43346E+02 -.39226E+02 -.35106E+02
         -.30986E+02 -.26866E+02 -.22746E+02 -.18626E+02 -.14506E+02
         -.74230E+01 -.50790E+01 -.40400E+01
          .16480E+02  .16480E+02  .16480E+02  .16480E+02  .16480E+02
          .16480E+02  .16480E+02  .16480E+02  .16480E+02  .16480E+02
          .16480E+02  .16480E+02  .16480E+02  .16480E+02  .16480E+02
          .95383E+01  .19291E+01  .59396E+00
         -.93800E+00 -.10630E+01 -.11880E+01 -.13140E+01 -.14400E+01
         -.15660E+01 -.16940E+01 -.18240E+01 -.19570E+01 -.20940E+01
         -.22380E+01 -.23890E+01 -.25490E+01 -.27210E+01 -.29050E+01
         -.33100E+01 -.37580E+01 -.48620E+01
         -.50028E+00 -.49944E+00 -.50195E+00 -.50477E+00 -.50298E+00
         -.50730E+00 -.51581E+00 -.52545E+00 -.53840E+00 -.56094E+00
         -.58983E+00 -.61975E+00 -.66319E+00 -.71150E+00 -.76282E+00
         -.84607E+00 -.97088E+00 -.11706E+01
         -.13481E+01 -.12231E+01 -.10981E+01 -.97412E+00 -.85112E+00
         -.72812E+00 -.60812E+00 -.49012E+00 -.37712E+00 -.26912E+00
         -.16912E+00 -.77120E-01  .58800E-02  .79880E-01  .14488E+00
          .28188E+00  .54588E+00  .98288E+00
          .49981E+00  .50039E+00  .49864E+00  .49307E+00  .49309E+00
          .48659E+00  .47657E+00  .46313E+00  .44290E+00  .41727E+00
          .38402E+00  .35063E+00  .31345E+00  .27958E+00  .23622E+00
          .40551E+00  .54772E+00  .38164E+00
         -.74727E+02 -.70473E+02 -.66219E+02 -.61965E+02 -.57711E+02
         -.53457E+02 -.49203E+02 -.44949E+02 -.40694E+02 -.36440E+02
         -.32186E+02 -.27932E+02 -.23678E+02 -.19424E+02 -.15170E+02
         -.78570E+01 -.54390E+01 -.43660E+01
          .17016E+02  .17016E+02  .17016E+02  .17016E+02  .17016E+02
          .17016E+02  .17016E+02  .17016E+02  .17016E+02  .17016E+02
          .17016E+02  .17016E+02  .17016E+02  .17016E+02  .17016E+02
          .98454E+01  .19881E+01  .61544E+00
         -.83900E+00 -.96500E+00 -.10900E+01 -.12150E+01 -.13410E+01
         -.14670E+01 -.15940E+01 -.17220E+01 -.18530E+01 -.19870E+01
         -.21250E+01 -.22690E+01 -.24200E+01 -.25800E+01 -.27480E+01
         -.31150E+01 -.35230E+01 -.45140E+01
         -.50499E+00 -.50202E+00 -.49893E+00 -.50226E+00 -.50402E+00
         -.50567E+00 -.50929E+00 -.51717E+00 -.53003E+00 -.54271E+00
         -.56314E+00 -.58872E+00 -.62196E+00 -.65543E+00 -.69232E+00
         -.76924E+00 -.88073E+00 -.10461E+01
         -.12631E+01 -.11371E+01 -.10141E+01 -.88912E+00 -.76512E+00
         -.64212E+00 -.52012E+00 -.40012E+00 -.28412E+00 -.17212E+00
         -.66120E-01  .33880E-01  .12588E+00  .21088E+00  .28688E+00
          .42888E+00  .59988E+00  .92588E+00
          .50785E+00  .49630E+00  .49495E+00  .49990E+00  .49345E+00
          .49031E+00  .48530E+00  .47250E+00  .45672E+00  .43662E+00
          .41278E+00  .38424E+00  .35425E+00  .32278E+00  .28665E+00
          .31057E+00  .34906E+00  .31447E+00
         -.16000E+02 -.16000E+02 -.16000E+02 -.16000E+02 -.16000E+02
         -.16000E+02 -.16000E+02 -.16000E+02 -.16000E+02 -.16000E+02
         -.16000E+02 -.16000E+02 -.16000E+02 -.16000E+02 -.16000E+02
         -.16000E+02 -.16000E+02 -.16000E+02
          .00000E+00  .00000E+00  .00000E+00  .00000E+00  .00000E+00
          .00000E+00  .00000E+00  .00000E+00  .00000E+00  .00000E+00
          .00000E+00  .00000E+00  .00000E+00  .00000E+00  .00000E+00
          .00000E+00  .00000E+00  .00000E+00
         -.74100E+00 -.86700E+00 -.99200E+00 -.11170E+01 -.12430E+01
         -.13690E+01 -.14950E+01 -.16230E+01 -.17520E+01 -.18840E+01
         -.20200E+01 -.21610E+01 -.23070E+01 -.24600E+01 -.26210E+01
         -.29680E+01 -.33580E+01 -.43040E+01
         -.50500E+00 -.50200E+00 -.49898E+00 -.50206E+00 -.50477E+00
         -.50285E+00 -.50782E+00 -.51387E+00 -.52069E+00 -.53537E+00
         -.55381E+00 -.57337E+00 -.59671E+00 -.62779E+00 -.66014E+00
         -.72956E+00 -.84361E+00 -.99719E+00
         -.11711E+01 -.10511E+01 -.92812E+00 -.80212E+00 -.67812E+00
         -.55512E+00 -.43212E+00 -.31212E+00 -.19412E+00 -.80120E-01
          .29880E-01  .13288E+00  .22988E+00  .32088E+00  .40488E+00
          .54888E+00  .66288E+00  .86888E+00
          .47778E+00  .48445E+00  .50043E+00  .50184E+00  .49222E+00
          .49329E+00  .48664E+00  .47617E+00  .46468E+00  .44909E+00
          .42695E+00  .39912E+00  .37656E+00  .35065E+00  .32085E+00
          .25362E+00  .21268E+00  .20266E+00
