COILS   number:   npf   !tokamak_config.dat
17   
 CS3U
  6   15   1   1   
  1.68700000000000e+00   5.46400000000000e+00   7.40000000000000e-01   2.09300000000000e+00   1.57079632679490e+00   0.00000000000000e+00   
 CS2U
  6   15   1   2   
  1.68700000000000e+00   3.27800000000000e+00   7.40000000000000e-01   2.09300000000000e+00   1.57079632679490e+00   0.00000000000000e+00   
 CS1U
  6   30   1   3   
  1.68700000000000e+00   1.09200000000000e+00   7.40000000000000e-01   2.09300000000000e+00   1.57079632679490e+00   0.00000000000000e+00   
 CS1L
  6   30   1   3   
  1.68700000000000e+00   -1.07200000000000e+00   7.40000000000000e-01   2.09300000000000e+00   1.57079632679490e+00   0.00000000000000e+00   
 CS2L
  6   15   1   4   
  1.68700000000000e+00   -3.25800000000000e+00   7.40000000000000e-01   2.09300000000000e+00   1.57079632679490e+00   0.00000000000000e+00   
 CS3L
  6   15   1   5   
  1.68700000000000e+00   -5.44400000000000e+00   7.40000000000000e-01   2.09300000000000e+00   1.57079632679490e+00   0.00000000000000e+00   
 PF1
  10   10   1   6   
  3.94310000000000e+00   7.57370000000000e+00   9.59000000000000e-01   9.84100000000000e-01   1.57079632679490e+00   0.00000000000000e+00   
 PF2
  10   5   1   7   
  8.28470000000000e+00   6.53980000000000e+00   5.80100000000000e-01   7.14600000000000e-01   1.57079632679490e+00   0.00000000000000e+00   
 PF3
  10   10   1   8   
  1.19923000000000e+01   3.27520000000000e+00   6.96300000000000e-01   9.53800000000000e-01   1.57079632679490e+00   0.00000000000000e+00   
 PF4
  10   10   1   9   
  1.19628000000000e+01   -2.23360000000000e+00   6.38200000000000e-01   9.53800000000000e-01   1.57079632679490e+00   0.00000000000000e+00   
 PF5
  10   10   1   10   
  8.39100000000000e+00   -6.72650000000000e+00   8.12500000000000e-01   9.53800000000000e-01   1.57079632679490e+00   0.00000000000000e+00   
 PF6
  40   20   1   11   
  4.33400000000000e+00   -7.46600000000000e+00   1.55900000000000e+00   1.10750000000000e+00   1.57079632679490e+00   0.00000000000000e+00   
 VS3U
  5   5   1   12   
  5.82610000000000e+00   4.92490000000000e+00   1.32000270887987e-01   1.28085472751008e-01   2.68562538650627e+00   1.11483080504063e+00   
 VS3L
  5   5   -1   12   
  7.52220000000000e+00   -2.49120000000000e+00   1.31999861877612e-01   1.28015829842255e-01   2.48246906157413e+00   9.11670989449986e-01   
 TRI_SUPP
  1   10   1   13   
  7.21375000000000e+00   -2.89605000000000e+00   5.99999438431611e-02   9.40734376817870e-01   6.59085194772115e-01   -9.11711132022782e-01   
 COPP_CLAD
  1   10   1   14   
  7.18950000000000e+00   -2.87495000000000e+00   3.00000797137214e-03   9.53215564568149e-01   6.59027598906799e-01   -9.11768727888098e-01   
 INB_RAIL
  1   10   1   15   
  3.69860000000000e+00   -2.99525000000000e+00   8.00000000000000e-02   6.50900000000000e-01   1.57079632679490e+00   0.00000000000000e+00   
res_PF:   npf   
15   
  0.0
  0.0
  0.0
  0.0
  0.0
  0.0
  0.0
  0.0
  0.0
  0.0
  0.0
  0.0
  0.000642411
  426511000000.0
  0.000401657
Vessel   number:   ncam   
100   
 VES_1
  1   5   1   1   
  3.54890000000000e+00   2.88740500000000e-01   6.00000000000000e-02   5.21081000000000e-01   1.57079632679490e+00   3.14159265358979e+00   
 VES_2
  1   5   1   2   
  3.54890000000000e+00   8.09820500000000e-01   6.00000000000000e-02   5.21079000000000e-01   1.57079632679490e+00   3.14159265358979e+00   
 VES_3
  1   5   1   3   
  3.54890000000000e+00   1.33090000000000e+00   6.00000000000000e-02   5.21080000000000e-01   1.57079632679490e+00   3.14159265358979e+00   
 VES_4
  1   5   1   4   
  3.54890000000000e+00   1.85198000000000e+00   6.00000000000000e-02   5.21080000000000e-01   1.57079632679490e+00   3.14159265358979e+00   
 VES_5
  1   5   1   5   
  3.54890000000000e+00   2.37306500000000e+00   6.00000000000000e-02   5.21090000000000e-01   1.57079632679490e+00   3.14159265358979e+00   
 VES_6
  1   5   1   6   
  3.54890000000000e+00   2.89415000000000e+00   6.00000000000000e-02   5.21080000000000e-01   1.57079632679490e+00   3.14159265358979e+00   
 VES_7
  1   5   1   7   
  3.55189500000000e+00   3.41514000000000e+00   6.00000000000000e-02   5.20934439349137e-01   1.55929750553816e+00   3.13009383233305e+00   
 VES_8
  1   5   1   8   
  3.61102500000000e+00   3.92864000000000e+00   6.00000000000000e-02   5.18403089207616e-01   1.35249771717773e+00   2.92329404397263e+00   
 VES_9
  1   5   1   9   
  3.80092500000000e+00   4.40389000000000e+00   6.00000000000000e-02   5.18713467050933e-01   1.02890555379343e+00   2.59970188058832e+00   
 VES_10
  1   5   1   10   
  4.13178000000000e+00   4.79439500000000e+00   6.00000000000000e-02   5.18347532549351e-01   7.06782761455878e-01   2.27757908825077e+00   
 VES_11
  1   5   1   11   
  4.56846000000000e+00   5.06172500000000e+00   6.00000000000000e-02   5.18495202388604e-01   3.91927800219841e-01   1.96272412701474e+00   
 VES_12
  1   5   1   12   
  5.06684000000000e+00   5.17790000000000e+00   6.00000000000000e-02   5.18715284525143e-01   6.61731907263431e-02   1.63696951752124e+00   
 VES_13
  1   5   1   13   
  5.57649500000000e+00   5.13004500000000e+00   6.00000000000000e-02   5.18300678178217e-01   6.02963848696200e+00   7.60043481375690e+00   
 VES_14
  1   5   1   14   
  6.05010500000000e+00   4.93106500000000e+00   6.00000000000000e-02   5.19863965475585e-01   5.74168376332377e+00   7.31248009011867e+00   
 VES_15
  1   5   1   15   
  6.48723500000000e+00   4.64903500000000e+00   6.00000000000000e-02   5.21080459238302e-01   5.67879369561853e+00   7.24959002241343e+00   
 VES_16
  1   5   1   16   
  6.91307000000000e+00   4.34887000000000e+00   6.00000000000000e-02   5.20955102096141e-01   5.65957973971924e+00   7.23037606651414e+00   
 VES_17
  1   5   1   17   
  7.32118000000000e+00   4.02607000000000e+00   6.00000000000000e-02   5.20807955776407e-01   5.56836524231688e+00   7.13916156911177e+00   
 VES_18
  1   5   1   18   
  7.69585000000000e+00   3.66530000000000e+00   6.00000000000000e-02   5.20837658008712e-01   5.46500799539722e+00   7.03580432219211e+00   
 VES_19
  1   5   1   19   
  8.03122500000000e+00   3.26775000000000e+00   6.00000000000000e-02   5.20797634883263e-01   5.36130488677223e+00   6.93210121356713e+00   
 VES_20
  1   5   1   20   
  8.32428500000000e+00   2.83802000000000e+00   6.00000000000000e-02   5.20817206416993e-01   5.26051059095022e+00   6.83130691774512e+00   
 VES_21
  1   5   1   21   
  8.57176500000000e+00   2.38055500000000e+00   6.00000000000000e-02   5.20835015143951e-01   5.15605453627897e+00   6.72685086307386e+00   
 VES_22
  1   5   1   22   
  8.77019000000000e+00   1.89982000000000e+00   6.00000000000000e-02   5.20735904273942e-01   5.05161768142020e+00   6.62241400821510e+00   
 VES_23
  1   5   1   23   
  8.90775500000000e+00   1.39912500000000e+00   6.00000000000000e-02   5.20394207692591e-01   4.90937753064709e+00   6.48017385744199e+00   
 VES_24
  1   5   1   24   
  8.97659500000000e+00   8.84139000000000e-01   6.00000000000000e-02   5.20875798116979e-01   4.78123133613638e+00   6.35202766293127e+00   
 VES_25
  1   5   1   25   
  8.98814000000000e+00   3.63958000000000e-01   6.00000000000000e-02   5.20875825893274e-01   4.68792773653919e+00   6.25872406333409e+00   
 VES_26
  1   5   1   26   
  8.94022000000000e+00   -1.53031000000000e-01   6.00000000000000e-02   5.19941712660179e-01   4.55187499359856e+00   6.12267132039345e+00   
 VES_27
  1   5   1   27   
  8.80172000000000e+00   -6.51136500000000e-01   6.00000000000000e-02   5.20423683366735e-01   4.33060020731368e+00   5.90139653410858e+00   
 VES_28
  1   5   1   28   
  8.59639000000000e+00   -1.12954150000000e+00   6.00000000000000e-02   5.21080947693351e-01   4.28336720077582e+00   5.85416352757072e+00   
 VES_29
  1   5   1   29   
  8.37960000000000e+00   -1.60338500000000e+00   6.00000000000000e-02   5.21081357659242e-01   4.28324093664393e+00   5.85403726343882e+00   
 VES_30
  1   5   1   30   
  8.16281000000000e+00   -2.07723000000000e+00   6.00000000000000e-02   5.21083675814164e-01   4.28336959567776e+00   5.85416592247265e+00   
 VES_31
  1   5   1   31   
  7.94602000000000e+00   -2.55107500000000e+00   6.00000000000000e-02   5.21081357659243e-01   4.28324093664392e+00   5.85403726343882e+00   
 VES_32
  1   5   1   32   
  7.72922500000000e+00   -3.02491500000000e+00   6.00000000000000e-02   5.21078742034253e-01   4.28334416087775e+00   5.85414048767265e+00   
 VES_33
  1   5   1   33   
  7.51097500000000e+00   -3.49805500000000e+00   6.00000000000000e-02   5.21029152543310e-01   4.27704420412895e+00   5.84784053092384e+00   
 VES_34
  1   5   1   34   
  7.26179000000000e+00   -3.95377500000000e+00   6.00000000000000e-02   5.19971181605289e-01   4.14684419971429e+00   5.71764052650918e+00   
 VES_35
  1   5   1   35   
  6.94128000000000e+00   -4.35986000000000e+00   6.00000000000000e-02   5.20161176944223e-01   3.94164566685002e+00   5.51244199364491e+00   
 VES_36
  1   5   1   36   
  6.54392000000000e+00   -4.69103500000000e+00   6.00000000000000e-02   5.20142991589813e-01   3.73113626050325e+00   5.30193258729814e+00   
 VES_37
  1   5   1   37   
  6.08680500000000e+00   -4.93325500000000e+00   6.00000000000000e-02   5.19942818586813e-01   3.52655265221449e+00   5.09734897900939e+00   
 VES_38
  1   5   1   38   
  5.59009500000000e+00   -5.07749000000000e+00   6.00000000000000e-02   5.19954718509218e-01   3.32185212108553e+00   4.89264844788043e+00   
 VES_39
  1   5   1   39   
  5.07520000000000e+00   -5.10936000000000e+00   6.00000000000000e-02   5.19097773063996e-01   3.08477123948400e+00   4.65556756627890e+00   
 VES_40
  1   5   1   40   
  4.57546500000000e+00   -4.99802500000000e+00   6.00000000000000e-02   5.18541647507700e-01   2.75982214519405e+00   4.33061847198894e+00   
 VES_41
  1   5   1   41   
  4.13652500000000e+00   -4.73465000000000e+00   6.00000000000000e-02   5.18275373233188e-01   2.44240509823608e+00   4.01320142503097e+00   
 VES_42
  1   5   1   42   
  3.80317000000000e+00   -4.34646000000000e+00   6.00000000000000e-02   5.18662851956837e-01   2.11840433369857e+00   3.68920066049346e+00   
 VES_43
  1   5   1   43   
  3.61155500000000e+00   -3.87211500000000e+00   6.00000000000000e-02   5.18378657932596e-01   1.79092367166332e+00   3.36171999845822e+00   
 VES_44
  1   5   1   44   
  3.55193000000000e+00   -3.35873500000000e+00   6.00000000000000e-02   5.20925249628006e-01   1.58242973618725e+00   3.15322606298214e+00   
 VES_45
  1   5   1   45   
  3.54890000000000e+00   -2.83775000000000e+00   6.00000000000000e-02   5.21080000000000e-01   1.57079632679490e+00   3.14159265358979e+00   
 VES_46
  1   5   1   46   
  3.54890000000000e+00   -2.31666500000000e+00   6.00000000000000e-02   5.21090000000000e-01   1.57079632679490e+00   3.14159265358979e+00   
 VES_47
  1   5   1   47   
  3.54890000000000e+00   -1.79558000000000e+00   6.00000000000000e-02   5.21080000000000e-01   1.57079632679490e+00   3.14159265358979e+00   
 VES_48
  1   5   1   48   
  3.54890000000000e+00   -1.27450000000000e+00   6.00000000000000e-02   5.21080000000000e-01   1.57079632679490e+00   3.14159265358979e+00   
 VES_49
  1   5   1   49   
  3.54890000000000e+00   -7.53420500000000e-01   6.00000000000000e-02   5.21079000000000e-01   1.57079632679490e+00   3.14159265358979e+00   
 VES_50
  1   5   1   50   
  3.54890000000000e+00   -2.32340500000000e-01   6.00000000000000e-02   5.21081000000000e-01   1.57079632679490e+00   3.14159265358979e+00   
 VES_51
  1   5   1   51   
  6.49915500000000e+00   5.33848500000000e+00   6.00000000000000e-02   5.84114287618442e-01   5.82983556162743e+00   7.40063188842233e+00   
 VES_52
  1   5   1   52   
  7.00985500000000e+00   5.05657000000000e+00   6.00000000000000e-02   5.84095680603786e-01   5.72775276648210e+00   7.29854909327699e+00   
 VES_53
  1   5   1   53   
  7.48913500000000e+00   4.72406500000000e+00   6.00000000000000e-02   5.84080211101181e-01   5.62556580540849e+00   7.19636213220339e+00   
 VES_54
  1   5   1   54   
  7.93197000000000e+00   4.34440500000000e+00   6.00000000000000e-02   5.84055559086633e-01   5.52332324676022e+00   7.09411957355512e+00   
 VES_55
  1   5   1   55   
  8.33373500000000e+00   3.92154500000000e+00   6.00000000000000e-02   5.84047296886134e-01   5.42109882340349e+00   6.99189515019839e+00   
 VES_56
  1   5   1   56   
  8.69028000000000e+00   3.45992500000000e+00   6.00000000000000e-02   5.84036976997176e-01   5.31901763034067e+00   6.88981395713556e+00   
 VES_57
  1   5   1   57   
  8.99788500000000e+00   2.96435500000000e+00   6.00000000000000e-02   5.84040220019136e-01   5.21677671616840e+00   6.78757304296330e+00   
 VES_58
  1   5   1   58   
  9.25332000000000e+00   2.43999000000000e+00   6.00000000000000e-02   5.84026849382800e-01   5.11460079646820e+00   6.68539712326310e+00   
 VES_59
  1   5   1   59   
  9.45395000000000e+00   1.89231000000000e+00   6.00000000000000e-02   5.84039051091620e-01   5.01246902191270e+00   6.58326534870760e+00   
 VES_60
  1   5   1   60   
  9.59737000000000e+00   1.32697500000000e+00   6.00000000000000e-02   5.84004531574884e-01   4.90920358424103e+00   6.47999991103593e+00   
 VES_61
  1   5   1   61   
  9.67255000000000e+00   7.49351500000000e-01   6.00000000000000e-02   5.83638244882050e-01   4.77438487278085e+00   6.34518119957575e+00   
 VES_62
  1   5   1   62   
  9.66289500000000e+00   1.67597000000000e-01   6.00000000000000e-02   5.83633982016126e-01   4.61720286424721e+00   6.18799919104211e+00   
 VES_63
  1   5   1   63   
  9.56233500000000e+00   -4.05481500000000e-01   6.00000000000000e-02   5.83631218943093e-01   4.46016491042739e+00   6.03096123722228e+00   
 VES_64
  1   5   1   64   
  9.37828500000000e+00   -9.58102000000000e-01   6.00000000000000e-02   5.84094246056233e-01   4.32167782475010e+00   5.89247415154500e+00   
 VES_65
  1   5   1   65   
  9.14913500000000e+00   -1.49546000000000e+00   6.00000000000000e-02   5.84350196457570e-01   4.29692911946843e+00   5.86772544626333e+00   
 VES_66
  1   5   1   66   
  8.91327000000000e+00   -2.03009000000000e+00   6.00000000000000e-02   5.84344007242309e-01   4.29686833311958e+00   5.86766465991447e+00   
 VES_67
  1   5   1   67   
  8.67741000000000e+00   -2.56472000000000e+00   6.00000000000000e-02   5.84346160422057e-01   4.29694477681119e+00   5.86774110360609e+00   
 VES_68
  1   5   1   68   
  8.44155000000000e+00   -3.09935500000000e+00   6.00000000000000e-02   5.84353156319019e-01   4.29687524103689e+00   5.86767156783179e+00   
 VES_69
  1   5   1   69   
  8.20316500000000e+00   -3.63283000000000e+00   6.00000000000000e-02   5.84288092040219e-01   4.28743429733832e+00   5.85823062413321e+00   
 VES_70
  1   5   1   70   
  7.92675500000000e+00   -4.14559500000000e+00   6.00000000000000e-02   5.83572128361182e-01   4.14845125284645e+00   5.71924757964134e+00   
 VES_71
  1   5   1   71   
  7.57228500000000e+00   -4.60607500000000e+00   6.00000000000000e-02   5.83598322992793e-01   3.96424502134234e+00   5.53504134813724e+00   
 VES_72
  1   5   1   72   
  7.13947000000000e+00   -4.99384500000000e+00   6.00000000000000e-02   5.83577405748372e-01   3.78005584897595e+00   5.35085217577085e+00   
 VES_73
  1   5   1   73   
  6.64302000000000e+00   -5.29586000000000e+00   6.00000000000000e-02   5.83548160823081e-01   3.59619697754592e+00   5.16699330434082e+00   
 VES_74
  1   5   1   74   
  6.09976500000000e+00   -5.50206500000000e+00   6.00000000000000e-02   5.83516616558604e-01   3.41253124779735e+00   4.98332757459224e+00   
 VES_75
  1   5   1   75   
  5.52800500000000e+00   -5.60550000000000e+00   6.00000000000000e-02   5.83496832981980e-01   3.22859229295829e+00   4.79938861975319e+00   
 VES_76
  1   5   1   76   
  4.94866500000000e+00   -5.59326500000000e+00   6.00000000000000e-02   5.82262604844240e-01   3.01213149992685e+00   4.58292782672175e+00   
 VES_77
  1   5   1   77   
  4.39554000000000e+00   -5.43438500000000e+00   6.00000000000000e-02   5.81844315689344e-01   2.71152440742862e+00   4.28232073422351e+00   
 VES_78
  1   5   1   78   
  3.91554000000000e+00   -5.11777000000000e+00   6.00000000000000e-02   5.81791465389446e-01   2.40543791101169e+00   3.97623423780658e+00   
 VES_79
  1   5   1   79   
  3.55328500000000e+00   -4.67127000000000e+00   6.00000000000000e-02   5.81748679843797e-01   2.09935580904279e+00   3.67015213583769e+00   
 VES_80
  1   5   1   80   
  3.34242500000000e+00   -4.13640500000000e+00   6.00000000000000e-02   5.81706489047526e-01   1.79327093876927e+00   3.36406726556416e+00   
 VES_81
  1   5   1   81   
  3.27487500000000e+00   -3.56063500000000e+00   6.00000000000000e-02   5.84208996336072e-01   1.58235066819554e+00   3.15314699499044e+00   
 VES_82
  1   5   1   82   
  3.27150000000000e+00   -2.97637500000000e+00   6.00000000000000e-02   5.84350000000000e-01   1.57079632679490e+00   3.14159265358979e+00   
 VES_83
  1   5   1   83   
  3.27150000000000e+00   -2.39202500000000e+00   6.00000000000000e-02   5.84350000000000e-01   1.57079632679490e+00   3.14159265358979e+00   
 VES_84
  1   5   1   84   
  3.27150000000000e+00   -1.80767500000000e+00   6.00000000000000e-02   5.84350000000000e-01   1.57079632679490e+00   3.14159265358979e+00   
 VES_85
  1   5   1   85   
  3.27150000000000e+00   -1.22332650000000e+00   6.00000000000000e-02   5.84347000000000e-01   1.57079632679490e+00   3.14159265358979e+00   
 VES_86
  1   5   1   86   
  3.27150000000000e+00   -6.38978500000000e-01   6.00000000000000e-02   5.84349000000000e-01   1.57079632679490e+00   3.14159265358979e+00   
 VES_87
  1   5   1   87   
  3.27150000000000e+00   -5.46295000000000e-02   6.00000000000000e-02   5.84349000000000e-01   1.57079632679490e+00   3.14159265358979e+00   
 VES_88
  1   5   1   88   
  3.27150000000000e+00   5.29719000000000e-01   6.00000000000000e-02   5.84348000000000e-01   1.57079632679490e+00   3.14159265358979e+00   
 VES_89
  1   5   1   89   
  3.27150000000000e+00   1.11406650000000e+00   6.00000000000000e-02   5.84347000000000e-01   1.57079632679490e+00   3.14159265358979e+00   
 VES_90
  1   5   1   90   
  3.27150000000000e+00   1.69841500000000e+00   6.00000000000000e-02   5.84350000000000e-01   1.57079632679490e+00   3.14159265358979e+00   
 VES_91
  1   5   1   91   
  3.27150000000000e+00   2.28276500000000e+00   6.00000000000000e-02   5.84350000000000e-01   1.57079632679490e+00   3.14159265358979e+00   
 VES_92
  1   5   1   92   
  3.27150000000000e+00   2.86711500000000e+00   6.00000000000000e-02   5.84350000000000e-01   1.57079632679490e+00   3.14159265358979e+00   
 VES_93
  1   5   1   93   
  3.27150000000000e+00   3.45146500000000e+00   6.00000000000000e-02   5.84350000000000e-01   1.57079632679490e+00   3.14159265358979e+00   
 VES_94
  1   5   1   94   
  3.31200000000000e+00   4.03188000000000e+00   6.00000000000000e-02   5.82142757749334e-01   1.43120227368719e+00   3.00199860048208e+00   
 VES_95
  1   5   1   95   
  3.47922000000000e+00   4.58210000000000e+00   6.00000000000000e-02   5.82036008508064e-01   1.12027269530678e+00   2.69106902210168e+00   
 VES_96
  1   5   1   96   
  3.80786500000000e+00   5.05361500000000e+00   6.00000000000000e-02   5.81991827605852e-01   8.03891169916466e-01   2.37468749671136e+00   
 VES_97
  1   5   1   97   
  4.26638500000000e+00   5.40018000000000e+00   6.00000000000000e-02   5.81784203721620e-01   4.90501291871594e-01   2.06129761866649e+00   
 VES_98
  1   5   1   98   
  4.80855000000000e+00   5.59467000000000e+00   6.00000000000000e-02   5.82586908538117e-01   1.98560299343779e-01   1.76935662613868e+00   
 VES_99
  1   5   1   99   
  5.38523500000000e+00   5.63976500000000e+00   6.00000000000000e-02   5.82754962055236e-01   6.24073619886827e+00   7.81153252566317e+00   
 VES_100
  1   5   1   100   
  5.95647500000000e+00   5.54690000000000e+00   6.00000000000000e-02   5.82924577025193e-01   6.00335398516016e+00   7.57415031195505e+00   
res_ves:   ncam   
100   
  0.000570567
  0.000570567
  0.000570567
  0.000570567
  0.000570567
  0.000570567
  0.00057121
  0.000583548
  0.000613878
  0.000667778
  0.000738154
  0.000818316
  0.000901366
  0.00097498
  0.00104297
  0.00111169
  0.00117768
  0.00123787
  0.00129189
  0.00133902
  0.00137875
  0.00141094
  0.00143402
  0.00144377
  0.00144562
  0.0014405
  0.00141687
  0.00138207
  0.00134721
  0.00131236
  0.00127751
  0.00124265
  0.00120768
  0.00117
  0.00111794
  0.00105398
  0.000980737
  0.000900701
  0.000819073
  0.000739199
  0.000668651
  0.000614299
  0.000583668
  0.00057122
  0.000570567
  0.000570567
  0.000570567
  0.000570567
  0.000570567
  0.000570567
  0.000932133
  0.00100541
  0.00107419
  0.00113774
  0.00119539
  0.00124655
  0.00129068
  0.00132733
  0.0013561
  0.00137675
  0.00138841
  0.00138703
  0.0013726
  0.00134512
  0.00131168
  0.00127786
  0.00124405
  0.00121023
  0.00117617
  0.00113794
  0.001087
  0.0010249
  0.000953693
  0.000875747
  0.000793696
  0.00071201
  0.000632878
  0.000563825
  0.000511699
  0.000481372
  0.000469613
  0.000469022
  0.000469022
  0.000469022
  0.000469022
  0.000469022
  0.000469022
  0.000469022
  0.000469022
  0.000469022
  0.000469022
  0.000469022
  0.000469022
  0.000476624
  0.000500784
  0.000548123
  0.000614352
  0.000691471
  0.000774175
  0.000856041
Loops   number:   kloop   
24   
  3.5730639  -2.5144662
  3.5730639  -1.5338025
  3.5730639  -0.517077
  3.5730639  0.4946401
  3.5730639  1.5414166
  3.5730639  2.5541353
  3.5730639  3.5708608
  3.9032611  4.5518678
  5.0145105  5.1681107
  5.7547544  5.0640967
  7.275895  3.9717437
  7.8418406  3.3908228
  8.335255  2.6758309
  8.7330937  1.7825457
  8.9620587  0.6048581
  8.693325  -0.721984
  8.3009666  -1.6032335
  7.6570654  -2.569417
  7.5682742  -3.2720414
  6.7678217  -3.2583653
  6.5273677  -4.6757637
  4.8351258  -5.0681597
  3.9292985  -4.5195686
  3.573094  -3.5299391
Probes   number   and   devision:   kprobe   kpb   
48   3   
  4.09795  -3.40875  1.0471975511966  0.01
  4.09795  -3.40875  -0.523598775598299  0.01
  4.48882  -3.81775  0.462512251778497  0.01
  4.48882  -3.81775  -1.1082840750164  0.01
  4.90693  -3.87915  -0.492182849062401  0.01
  4.90693  -3.87915  1.0786134777325  0.01
  5.22306  -4.18517  -1.17286125734019  0.01
  5.22306  -4.18517  0.397935069454707  0.01
  5.80986  -4.30838  1.5707963267949  0.01
  5.80986  -4.30838  0.0  0.01
  5.86105  -3.78229  1.06465084371654  0.01
  5.86105  -3.78229  -0.506145483078356  0.01
  3.59673  -2.45577  1.5707963267949  0.01
  3.59673  -1.43904  1.5707963267949  0.01
  3.59612  -0.42232  1.5707963267949  0.01
  3.59631  0.59441  1.5707963267949  0.01
  3.59612  1.61114  1.5707963267949  0.01
  3.59622  2.62786  1.5707963267949  0.01
  3.59793  3.64493  -1.52943202352263  0.01
  4.91978  5.13248  -0.159523093632282  0.01
  6.11675  4.83333  -0.6464699549387  0.01
  6.82577  4.3092  -0.6464699549387  0.01
  7.76831  3.46096  -0.855211333477221  0.01
  8.28186  2.75238  -1.03236225255465  0.01
  8.76635  1.63496  -1.27740647953465  0.01
  8.9473  0.69494  -1.51250232977829  0.01
  8.81261  -0.37613  -1.26815623449908  0.01
  8.33489  -1.51895  -1.15523343189505  0.01
  7.8586  -2.59571  -1.15523343189505  0.01
  6.7891  -3.22511  -0.657290996301064  0.01
  6.47955  -4.6851  -0.574038790980935  0.01
  5.69336  -5.0185  -0.22776546738526  0.01
  4.83906  -5.04903  -0.202981792006941  0.01
  4.13029  -4.69879  -0.714886861616877  0.01
  3.68081  -4.04774  -1.22679193122681  0.01
  3.59273  -3.56928  -1.60587744475998  0.01
  3.92046  4.57709  0.0  0.01
  5.6933  5.087  -0.0633554518473942  0.01
  6.95899  4.29914  -0.6771877497738  0.01
  6.49147  -4.70008  -0.203854456632938  0.01
  5.69795  -5.0383  -1.23604217626238  0.01
  4.83769  -5.06747  -0.923279174305  0.01
  6.49147  -4.70008  -0.996757535813962  0.01
  5.69795  -5.0383  -0.22776546738526  0.01
  4.83769  -5.06747  -1.36781453478796  0.01
  4.12044  -4.71301  -0.855909465178019  0.01
  3.66892  -4.05291  -0.344004395568082  0.01
  3.57231  -3.51991  -0.0165806278939461  0.01
Limiter   number:   n_limiter   
56   
  6.2661  -3.0434
  7.2824  -2.2544
  7.9002  -1.3372
  8.3057  -0.42
  8.3938  0.6354
  8.2697  1.6847
  7.9062  2.4647
  7.4015  3.1796
  6.5524  3.9256
  5.7534  4.5344
  4.9354  4.7196
  4.3246  4.3371
  4.1253  3.5852
  4.1053  2.5719
  4.1053  1.5566
  4.1053  0.5402
  4.1053  -0.4761
  4.1053  -1.4914
  4.1053  -2.5037
  3.9421  -2.5357
  4.1146  -2.5462
  4.2141  -2.5774
  4.3053  -2.6279
  4.3844  -2.6958
  4.4483  -2.7781
  4.4943  -2.8716
  4.5205  -2.9725
  4.526  -3.0766
  4.5104  -3.1796
  4.4745  -3.2775
  4.1624  -3.9175
  4.1882  -3.8826
  4.4915  -3.9065
  4.6453  -3.7432
  4.7279  -3.7169
  4.8139  -3.7064
  4.9004  -3.712
  4.9843  -3.7335
  5.0628  -3.7702
  5.1332  -3.8209
  5.1929  -3.8836
  5.2526  -3.9824
  5.2723  -4.2608
  5.5566  -4.545
  5.5642  -4.5743
  5.5642  -3.9235
  5.5692  -3.7933
  5.5892  -3.6962
  5.6373  -3.5751
  5.7084  -3.4669
  5.7995  -3.3748
  5.9076  -3.3027
  6.0278  -3.2536
  6.1549  -3.2296
  6.2651  -3.2286
  6.3632  -3.2446
 area - R(1) R(2) Z(1) Z(2)
  3.0  9.0
  -6.0  6.0
k_jetto   !k_jetto.dat
0   
time_eq   !time_eq.dat
19927.6   
shot   !jetto_ids.dat
170   
run   
20   
kpr   !kpr.dat
1   
tay   rs0   key_t11   bt0   !for002_kav
2.0   620.0   1   53.   
n_ga   !gaps_data_ramp
6   
r   coordinates   
422.3   556.5   828.06   750.95   533.15   405.99   
z   coordinates   
-379.2   -440.4   46.65   299.71   458.04   77.77   
tt_dina   !tran_times.dat
2520000.0   
n_t   !pfres.dat
8
time   CS3Ures   CS2Ures   CS1res   CS2Lres   CS3Lres   PF1res   PF2res   PF3res   PF4res   PF5res   PF6res   VS3res   TRI_SUPPres   COPP_CLADres   INB_RAILres   
  0.00000e+00  2.67741e-07  2.46321e-07  7.22239e-07  2.67741e-07  2.79911e-07  3.39795e-06  0.00000e+00  0.00000e+00  0.00000e+00  0.00000e+00  1.91899e-06  1.00000e+03  6.42411e-04  1.00000e+03  4.01657e-04
  3.00000e+00  2.67741e-07  2.46321e-07  7.22239e-07  2.67741e-07  2.79911e-07  3.39795e-06  0.00000e+00  0.00000e+00  0.00000e+00  0.00000e+00  1.91899e-06  1.00000e+03  6.42411e-04  1.00000e+03  4.01657e-04
  3.00200e+00  0.00000e+00  0.00000e+00  3.90986e-07  0.00000e+00  0.00000e+00  0.00000e+00  0.00000e+00  0.00000e+00  0.00000e+00  0.00000e+00  0.00000e+00  1.00000e+03  6.42411e-04  1.00000e+03  4.01657e-04
  3.50000e+00  0.00000e+00  0.00000e+00  3.90986e-07  0.00000e+00  0.00000e+00  0.00000e+00  0.00000e+00  0.00000e+00  0.00000e+00  0.00000e+00  0.00000e+00  1.00000e+03  6.42411e-04  1.00000e+03  4.01657e-04
  3.50200e+00  0.00000e+00  0.00000e+00  3.90986e-07  0.00000e+00  0.00000e+00  0.00000e+00  0.00000e+00  0.00000e+00  0.00000e+00  0.00000e+00  0.00000e+00  7.50000e-04  6.42411e-04  1.00000e+03  4.01657e-04
  1.30000e+01  0.00000e+00  0.00000e+00  3.90986e-07  0.00000e+00  0.00000e+00  0.00000e+00  0.00000e+00  0.00000e+00  0.00000e+00  0.00000e+00  0.00000e+00  7.50000e-04  6.42411e-04  1.00000e+03  4.01657e-04
  1.30020e+01  0.00000e+00  0.00000e+00  0.00000e+00  0.00000e+00  0.00000e+00  0.00000e+00  0.00000e+00  0.00000e+00  0.00000e+00  0.00000e+00  0.00000e+00  7.50000e-04  6.42411e-04  1.00000e+03  4.01657e-04
  1.00000e+06  0.00000e+00  0.00000e+00  0.00000e+00  0.00000e+00  0.00000e+00  0.00000e+00  0.00000e+00  0.00000e+00  0.00000e+00  0.00000e+00  0.00000e+00  7.50000e-04  6.42411e-04  1.00000e+03  4.01657e-04
Time_points   !ech.dat
6
Time[s]   Power_Ech[MW]   
-1e-08  0.0  
0.005  0.0  
1.099  0.0  
1.1  1.0  
1.5  2.0  
10.0  2.0  
Time_points   !n_d.dat
11
Time[s]   Density[19]   
-0.01  0.001  
0.0  0.001  
1.1  0.16  
3.5  0.16  
15.05	     0.5669  
65.0045	     2.  
75.0045	     2.  
85.0045	     4.5  
95.0045     5.  
105.0045     5.05  
4000.0       5.05  
Time_points   Z_Be(Ip<1.5MA)   !gamma_z.dat
9  4
Time[ms]   Content   
-0.01  1e-08  
0.0  1e-08  
1100.0  1e-08  
1150.0  0.04  
1200.0  0.07  
1300.0  0.09  
1400.0  0.098  
1600.0  0.1  
5000.0  0.1  
Time_points   Z_W   !gamma_z2.dat
8  74
Time[ms]   Content   
-0.01  2e-06  
0.0  2e-06  
1000.0  2e-06  
1500.0  2e-06  
9000.0  2e-06  
15000.0  1e-05  
30000.0  1e-05  
30000000.0  1e-05  
 0.001   p  !init.dat
 0.002   T_e
 0.002   T_i
 0.05   gam=Ne/N0_initial_(N0=4.8*p)
 50.0   g_gain__neutrals_paffing_speed_gain
Time   points   !emo.dat
11
Time[s]   Power_El[MW]   Power_Ion[MW]   
0.0  2.0  0.0  
1.6  2.0  0.0  
3.5  2.0  0.0  
4.61  2.0  0.0  
7.82  2.0  0.0  
11.38  2.0  0.0   
14.014  2.0  0.0  
14.674  5.0  0.0  
65.0314  20.0  0.0  
65.038   53.0  0.0  
6289.0   53.0  0.0  
Time   points   !dens.dat
10
Time[s]   Density[19]   
0.0  0.0  
1.5  0.0  
3.5  0.0  
15.05  	  0.5669
65.005    2.0  
75.005    2.0  
85.005    4.5  
95.5005    5.0  
105.5     5.05  
5012.0    5.05  
Time_points   Z_Be(Ip>1.5MA)   !gamma_z1.dat
8  4
Time[ms]   Content   
-0.01  	   9.5e-2  
0.0  	   9.5e-2  
3500.0     9.5e-2  
4500.0	   8.0e-2  
10000.0    7.0e-2  
20000.0    2.0e-2  
50000.0    2.0e-3  
80000000.0  2.0e-3  
Time_points   Z_Ar   !gamma_z3.dat
6  18
Time[ms]   Content   
-0.01  1e-15  
0.0  1e-15  
1000.0  1e-15  
1500.0  1e-15  
2600.0  1e-15  
10000000.0  1e-15  
Time_points   Z_Ne   !gamma_z4.dat
8  10
Time[ms]   Content   
-0.01  1e-15  
0.0  1e-15  
1000.0  1e-15  
1500.0  2e-15  
2600.0  4e-15  
65000.0  4e-15  
70000.0  2e-3  
10000000.0  2e-3  
Bohm/gyroBohm   L-mode   !bohm_gbohm.dat
1   
tay_simul,ms   !tay_simul.dat
10.0   
tay_dw   !dw.dat
5.0   
pcchp_end   !pcchp_end.dat
4.   
k_ener_ext   k_dens_ext   k_ajb_ext   !transp_ext
0   1   0   
