  n_t  !pfres.dat
  8
  time  CS3Ures  CS2Ures  CS1res  CS2Lres  CS3Lres  PF1res  PF2res  PF3res  PF4res  PF5res  PF6res  VS3res  TRI_SUPPres  COPP_CLADres  INB_RAILres
   0.000000e+00     2.677410e-07     2.463210e-07     7.222390e-07     2.677410e-07     2.799110e-07     3.397950e-06     0.000000e+00     0.000000e+00     0.000000e+00     0.000000e+00     1.918990e-06     1.000000e+03     6.424110e-04     1.000000e+03     4.016570e-04
   3.000000e+00     2.677410e-07     2.463210e-07     7.222390e-07     2.677410e-07     2.799110e-07     3.397950e-06     0.000000e+00     0.000000e+00     0.000000e+00     0.000000e+00     1.918990e-06     1.000000e+03     6.424110e-04     1.000000e+03     4.016570e-04
   3.002000e+00     0.000000e+00     0.000000e+00     3.909860e-07     0.000000e+00     0.000000e+00     0.000000e+00     0.000000e+00     0.000000e+00     0.000000e+00     0.000000e+00     0.000000e+00     1.000000e+03     6.424110e-04     1.000000e+03     4.016570e-04
   3.500000e+00     0.000000e+00     0.000000e+00     3.909860e-07     0.000000e+00     0.000000e+00     0.000000e+00     0.000000e+00     0.000000e+00     0.000000e+00     0.000000e+00     0.000000e+00     1.000000e+03     6.424110e-04     1.000000e+03     4.016570e-04
   3.502000e+00     0.000000e+00     0.000000e+00     3.909860e-07     0.000000e+00     0.000000e+00     0.000000e+00     0.000000e+00     0.000000e+00     0.000000e+00     0.000000e+00     0.000000e+00     7.500000e-04     6.424110e-04     1.000000e+03     4.016570e-04
   1.300000e+01     0.000000e+00     0.000000e+00     3.909860e-07     0.000000e+00     0.000000e+00     0.000000e+00     0.000000e+00     0.000000e+00     0.000000e+00     0.000000e+00     0.000000e+00     7.500000e-04     6.424110e-04     1.000000e+03     4.016570e-04
   1.300200e+01     0.000000e+00     0.000000e+00     0.000000e+00     0.000000e+00     0.000000e+00     0.000000e+00     0.000000e+00     0.000000e+00     0.000000e+00     0.000000e+00     0.000000e+00     7.500000e-04     6.424110e-04     1.000000e+03     4.016570e-04
   1.000000e+06     0.000000e+00     0.000000e+00     0.000000e+00     0.000000e+00     0.000000e+00     0.000000e+00     0.000000e+00     0.000000e+00     0.000000e+00     0.000000e+00     0.000000e+00     7.500000e-04     6.424110e-04     1.000000e+03     4.016570e-04
