  4   3              
  2.00e-02  2.00e-01  2.00e-00  2.00e+01  1.00e+02  0.00e+02 
 4.972095e+01 3.025496e+02 4.958772e+02 3.839436e+02 1.426147e+02 2.054829e+01
-2.001915e+01-1.355733e+00 1.928337e+00 5.892109e+00-1.838034e+01-2.695123e+01
-2.002353e+01-1.072276e+00 3.447962e-01 8.591520e-01-7.474481e-01 1.887663e-01
-1.875806e+01-5.181188e+00 5.947265e+00-3.258113e+00 9.112158e-01-1.031343e-01
 0.000000e+00 0.000000e+00 0.000000e+00 0.000000e+00 0.000000e+00 0.000000e+00
 1.185629e+02 5.395745e+02 1.026774e+03 9.393440e+02 4.120452e+02 6.981134e+01
 1.088373e+01 1.286039e+00-9.392968e+00 6.242580e+00 4.234340e+01 2.619530e+01
 1.074110e+01 1.490458e+00-3.652870e+00 4.430320e+00-2.593946e+00 5.843369e-01
-6.255638e+01 2.292500e+02-2.843174e+02 1.754188e+02-5.385046e+01 6.581058e+00
 0.000000e+00 0.000000e+00 0.000000e+00 0.000000e+00 0.000000e+00 0.000000e+00
 1.855951e+03 8.781637e+03 1.679917e+04 1.546062e+04 6.825137e+03 1.162640e+03
 1.185211e+02 2.712926e+01-1.892224e+02 1.134188e+02 8.576636e+02 5.517483e+02
 1.191660e+02 4.297462e+00-2.705438e+00-6.024196e-01 7.462482e-01 1.012714e-02
-6.881201e+02 2.521750e+03-3.127492e+03 1.929606e+03-5.923550e+02 7.239163e+01
 0.000000e+00 0.000000e+00 0.000000e+00 0.000000e+00 0.000000e+00 0.000000e+00
c-11
