  5   3              
  2.00e-03  2.00e-02  2.00e-01  2.00e+00  2.00e+01  1.00e+02 
 1.441278e+02 2.940867e+02 1.761164e+02 3.387430e+01-3.075936e+00-1.204179e+00
-2.274210e+01-7.402954e-01-2.177691e+00-2.426768e+00-1.026211e+00-1.798547e-01
-2.254156e+01 3.503190e-01 1.210755e-01-1.171573e-01 8.237547e-02 4.361719e-02
-2.258311e+01 6.858961e-01-8.628176e-01 1.205242e+00-7.386310e-01 1.686530e-01
-1.730458e+01-1.624615e+01 2.100786e+01-1.312075e+01 4.069350e+00-5.009445e-01
 5.571877e+02 1.257036e+03 1.121313e+03 4.920918e+02 1.062075e+02 9.030433e+00
 2.032214e+01 1.590993e-01 3.084694e-01 2.935222e-01 1.371194e-01 2.517108e-02
 1.999998e+00-2.256051e-03-6.879341e-03 4.463397e-02 1.713971e-01 1.432871e-01
 2.002555e+00 2.946035e-02-1.940473e-01 3.847468e-01-3.156306e-01 9.289020e-02
-8.533870e+00 3.349834e+01-4.229025e+01 2.650716e+01-8.252386e+00 1.021276e+00
 3.065347e+03 7.069801e+03 6.456789e+03 2.913580e+03 6.494822e+02 5.725003e+01
 3.944735e+00-2.564220e-01-4.606469e-01-3.988258e-01-1.654224e-01-2.604372e-02
 3.999997e+00-4.512101e-03-1.375868e-02 8.926791e-02 3.427945e-01 2.865742e-01
 4.005111e+00 5.992070e-02-3.880945e-01 7.694936e-01-6.312613e-01 1.857803e-01
-1.706773e+01 6.699669e+01-8.458052e+01 5.301434e+01-1.650476e+01 2.042555e+00
c-2
