  Time[s]  Ip  I_CSU3  I_CSU2  I_CS1  I_CSL2  I_CSL3  I_PF1  I_PF2  I_PF3  I_PF4  I_PF5  I_P
   0.000000e+00     1.000000e-03     1.662000e+01     1.662000e+01     1.662000e+01     1.662000e+01     1.662000e+01     7.150196e+00     1.010114e+00     1.601616e-02     2.796986e-01    -1.457215e-01     7.087197e+00
   5.000000e-02     1.000000e-03     1.658591e+01     1.654734e+01     1.648766e+01     1.661655e+01     1.634347e+01     6.994197e+00     9.811845e-01     1.384720e-02     2.762183e-01    -1.490329e-01     7.030235e+00
   1.000000e-01     1.000000e-03     1.657576e+01     1.648460e+01     1.635172e+01     1.663294e+01     1.607385e+01     6.841251e+00     9.438584e-01     1.796898e-02     2.774171e-01    -1.500778e-01     6.977102e+00
   1.500000e-01     1.000000e-03     1.656851e+01     1.642644e+01     1.620877e+01     1.665043e+01     1.581330e+01     6.695945e+00     9.076195e-01     2.843970e-02     2.835861e-01    -1.481938e-01     6.927766e+00
   2.000000e-01     1.000000e-03     1.656343e+01     1.637218e+01     1.606216e+01     1.666811e+01     1.555963e+01     6.556788e+00     8.721535e-01     4.337108e-02     2.931301e-01    -1.445433e-01     6.881074e+00
   2.500000e-01     1.000000e-03     1.656003e+01     1.632098e+01     1.592196e+01     1.668468e+01     1.530929e+01     6.421953e+00     8.379707e-01     5.805698e-02     3.020654e-01    -1.417132e-01     6.835832e+00
   3.000000e-01     1.000000e-03     1.655787e+01     1.627211e+01     1.578781e+01     1.669955e+01     1.506170e+01     6.290870e+00     8.048917e-01     7.230127e-02     3.102980e-01    -1.397821e-01     6.791761e+00
   3.500000e-01     1.000000e-03     1.655623e+01     1.622446e+01     1.565839e+01     1.671174e+01     1.481684e+01     6.163095e+00     7.727636e-01     8.597476e-02     3.175670e-01    -1.388912e-01     6.748602e+00
   4.000000e-01     1.000000e-03     1.655226e+01     1.617395e+01     1.552917e+01     1.671672e+01     1.457673e+01     6.037946e+00     7.417583e-01     9.784214e-02     3.212649e-01    -1.402444e-01     6.705668e+00
   4.500000e-01     1.000000e-03     1.654530e+01     1.611968e+01     1.539914e+01     1.671358e+01     1.434168e+01     5.915149e+00     7.118661e-01     1.077288e-01     3.209865e-01    -1.439779e-01     6.662837e+00
   5.000000e-01     1.000000e-03     1.653535e+01     1.606155e+01     1.526815e+01     1.670245e+01     1.411154e+01     5.794559e+00     6.830356e-01     1.156833e-01     3.168848e-01    -1.499814e-01     6.620110e+00
   5.500000e-01     1.000000e-03     1.652590e+01     1.599821e+01     1.513191e+01     1.668862e+01     1.388709e+01     5.676468e+00     6.553320e-01     1.205758e-01     3.101751e-01    -1.574332e-01     6.577135e+00
   6.000000e-01     1.000000e-03     1.651877e+01     1.592897e+01     1.498829e+01     1.667484e+01     1.366863e+01     5.560969e+00     6.288001e-01     1.218150e-01     3.015238e-01    -1.659164e-01     6.533690e+00
   6.500000e-01     1.000000e-03     1.651384e+01     1.585389e+01     1.483750e+01     1.666099e+01     1.345599e+01     5.447948e+00     6.034384e-01     1.194533e-01     2.909701e-01    -1.754318e-01     6.489755e+00
   7.000000e-01     1.000000e-03     1.651048e+01     1.577403e+01     1.469582e+01     1.663782e+01     1.324732e+01     5.337353e+00     5.789822e-01     1.150875e-01     2.796331e-01    -1.852440e-01     6.446025e+00
   7.500000e-01     1.000000e-03     1.650773e+01     1.569051e+01     1.458633e+01     1.659174e+01     1.304006e+01     5.229146e+00     5.549824e-01     1.110000e-01     2.690737e-01    -1.943506e-01     6.403496e+00
   8.000000e-01     1.000000e-03     1.650548e+01     1.560287e+01     1.450763e+01     1.652298e+01     1.283420e+01     5.123231e+00     5.313687e-01     1.071060e-01     2.591931e-01    -2.028654e-01     6.362100e+00
   8.500000e-01     1.000000e-03     1.650429e+01     1.550615e+01     1.445461e+01     1.643302e+01     1.262943e+01     5.019218e+00     5.080838e-01     1.033917e-01     2.498918e-01    -2.108797e-01     6.321781e+00
   9.000000e-01     1.000000e-03     1.650684e+01     1.538285e+01     1.441185e+01     1.632675e+01     1.242479e+01     4.915934e+00     4.850899e-01     1.000523e-01     2.410562e-01    -2.184723e-01     6.282504e+00
   9.500000e-01     1.000000e-03     1.651342e+01     1.523216e+01     1.437819e+01     1.620480e+01     1.222009e+01     4.813279e+00     4.623415e-01     9.704569e-02     2.326106e-01    -2.257064e-01     6.244217e+00
   1.000000e+00     1.000000e-03     1.652383e+01     1.505734e+01     1.435337e+01     1.606822e+01     1.201609e+01     4.711846e+00     4.397738e-01     9.431434e-02     2.244949e-01    -2.326339e-01     6.206822e+00
   1.050000e+00     1.000000e-03     1.653523e+01     1.488954e+01     1.433214e+01     1.592723e+01     1.182266e+01     4.618591e+00     4.169736e-01     9.177882e-02     2.166538e-01    -2.392952e-01     6.169646e+00
   1.100000e+00     1.000000e-03     1.654640e+01     1.473686e+01     1.431292e+01     1.578454e+01     1.164225e+01     4.535165e+00     3.937515e-01     8.938923e-02     2.090436e-01    -2.457294e-01     6.132396e+00
   1.150000e+00     5.050000e-02     1.655701e+01     1.459828e+01     1.429479e+01     1.563990e+01     1.147436e+01     4.461134e+00     3.700328e-01     8.704631e-02     2.015523e-01    -2.520042e-01     6.094961e+00
   1.200000e+00     1.000000e-01     1.656179e+01     1.448045e+01     1.426192e+01     1.552263e+01     1.131803e+01     4.394147e+00     3.565672e-01     8.413693e-02     1.935892e-01    -2.566833e-01     6.060513e+00
   1.250000e+00     1.545455e-01     1.655687e+01     1.438864e+01     1.420405e+01     1.545386e+01     1.117210e+01     4.332196e+00     3.609566e-01     8.009098e-02     1.847388e-01    -2.588049e-01     6.031102e+00
   1.300000e+00     2.090909e-01     1.654210e+01     1.432194e+01     1.412089e+01     1.543171e+01     1.103587e+01     4.274714e+00     3.824399e-01     7.455372e-02     1.747405e-01    -2.586727e-01     6.006187e+00
   1.350000e+00     2.636364e-01     1.651610e+01     1.427238e+01     1.402089e+01     1.543980e+01     1.090643e+01     4.220878e+00     4.111481e-01     6.802280e-02     1.640143e-01    -2.569351e-01     5.984262e+00
   1.400000e+00     3.181818e-01     1.647639e+01     1.422430e+01     1.391882e+01     1.544669e+01     1.077882e+01     4.170010e+00     4.280530e-01     6.195114e-02     1.535745e-01    -2.545982e-01     5.962937e+00
   1.450000e+00     3.727273e-01     1.642344e+01     1.417776e+01     1.381541e+01     1.545234e+01     1.065323e+01     4.122557e+00     4.334333e-01     5.661899e-02     1.435322e-01    -2.516285e-01     5.942308e+00
   1.500000e+00     4.272727e-01     1.635747e+01     1.413281e+01     1.371227e+01     1.545675e+01     1.052875e+01     4.079069e+00     4.295586e-01     5.196794e-02     1.339271e-01    -2.483763e-01     5.922619e+00
   1.550000e+00     4.818182e-01     1.627740e+01     1.408799e+01     1.361746e+01     1.545744e+01     1.039943e+01     4.040801e+00     4.258669e-01     4.684841e-02     1.247608e-01    -2.468891e-01     5.904676e+00
   1.600000e+00     5.363636e-01     1.618332e+01     1.404319e+01     1.353183e+01     1.545432e+01     1.026468e+01     4.007807e+00     4.235940e-01     4.109629e-02     1.160789e-01    -2.473533e-01     5.888752e+00
   1.650000e+00     5.909091e-01     1.607602e+01     1.399829e+01     1.345511e+01     1.544753e+01     1.012507e+01     3.979898e+00     4.226708e-01     3.472888e-02     1.079116e-01    -2.496241e-01     5.874964e+00
   1.700000e+00     6.454545e-01     1.596654e+01     1.394837e+01     1.338462e+01     1.543398e+01     9.987073e+00     3.955043e+00     4.228411e-01     2.749584e-02     9.977884e-02    -2.527286e-01     5.862959e+00
   1.750000e+00     7.000000e-01     1.585924e+01     1.389147e+01     1.331893e+01     1.541254e+01     9.853208e+00     3.932412e+00     4.240220e-01     1.930955e-02     9.149867e-02    -2.562674e-01     5.852588e+00
   1.800000e+00     7.266667e-01     1.575405e+01     1.382765e+01     1.325781e+01     1.538340e+01     9.723403e+00     3.911962e+00     4.262156e-01     1.017477e-02     8.307656e-02    -2.602234e-01     5.843866e+00
   1.850000e+00     7.533333e-01     1.565410e+01     1.376057e+01     1.320016e+01     1.534280e+01     9.601302e+00     3.893082e+00     4.272798e-01     5.982784e-04     7.439617e-02    -2.647562e-01     5.835713e+00
   1.900000e+00     7.800000e-01     1.556268e+01     1.369394e+01     1.314493e+01     1.528688e+01     9.490763e+00     3.875188e+00     4.250335e-01    -8.845222e-03     6.534426e-02    -2.700098e-01     5.827027e+00
   1.950000e+00     8.066667e-01     1.547962e+01     1.362756e+01     1.309215e+01     1.521606e+01     9.391587e+00     3.858326e+00     4.196171e-01    -1.811895e-02     5.594270e-02    -2.759383e-01     5.817895e+00
   2.000000e+00     8.333333e-01     1.540481e+01     1.356136e+01     1.304180e+01     1.513066e+01     9.303579e+00     3.842523e+00     4.111202e-01    -2.719439e-02     4.620765e-02    -2.825082e-01     5.808387e+00
   2.050000e+00     8.600000e-01     1.533402e+01     1.349382e+01     1.299173e+01     1.503715e+01     9.220128e+00     3.825850e+00     4.014205e-01    -3.609068e-02     3.625021e-02    -2.893509e-01     5.797548e+00
   2.100000e+00     8.866667e-01     1.526290e+01     1.342362e+01     1.293976e+01     1.494223e+01     9.134362e+00     3.806321e+00     3.924365e-01    -4.486527e-02     2.617523e-02    -2.960788e-01     5.784430e+00
   2.150000e+00     9.133333e-01     1.519160e+01     1.335102e+01     1.288605e+01     1.484589e+01     9.046425e+00     3.784067e+00     3.841151e-01    -5.353692e-02     1.597878e-02    -3.026754e-01     5.769162e+00
   2.200000e+00     9.400000e-01     1.512023e+01     1.327621e+01     1.283069e+01     1.474813e+01     8.956413e+00     3.759187e+00     3.764314e-01    -6.211752e-02     5.660197e-03    -3.091237e-01     5.751832e+00
   2.250000e+00     9.666667e-01     1.504882e+01     1.319936e+01     1.277377e+01     1.464900e+01     8.864401e+00     3.731767e+00     3.693717e-01    -7.061546e-02    -4.780014e-03    -3.154086e-01     5.732505e+00
   2.300000e+00     9.933333e-01     1.497743e+01     1.312056e+01     1.271535e+01     1.454850e+01     8.770449e+00     3.701877e+00     3.629282e-01    -7.903692e-02    -1.534109e-02    -3.215177e-01     5.711229e+00
   2.350000e+00     1.020000e+00     1.490606e+01     1.303990e+01     1.265548e+01     1.444668e+01     8.674604e+00     3.669581e+00     3.570957e-01    -8.738691e-02    -2.602284e-02    -3.274416e-01     5.688042e+00
   2.400000e+00     1.046667e+00     1.483472e+01     1.295744e+01     1.259418e+01     1.434353e+01     8.576909e+00     3.634937e+00     3.518701e-01    -9.566954e-02    -3.682544e-02    -3.331732e-01     5.662978e+00
   2.450000e+00     1.073333e+00     1.476341e+01     1.287322e+01     1.253148e+01     1.423909e+01     8.477401e+00     3.597996e+00     3.472480e-01    -1.038880e-01    -4.774919e-02    -3.387075e-01     5.636061e+00
   2.500000e+00     1.100000e+00     1.469212e+01     1.278729e+01     1.246740e+01     1.413336e+01     8.376113e+00     3.558808e+00     3.432264e-01    -1.120450e-01    -5.879434e-02    -3.440411e-01     5.607314e+00
   2.550000e+00     1.125000e+00     1.462010e+01     1.270029e+01     1.240142e+01     1.402799e+01     8.274123e+00     3.518337e+00     3.395261e-01    -1.200260e-01    -6.981322e-02    -3.490621e-01     5.577707e+00
   2.600000e+00     1.150000e+00     1.454651e+01     1.261290e+01     1.233299e+01     1.392462e+01     8.172491e+00     3.477576e+00     3.358482e-01    -1.277121e-01    -8.065752e-02    -3.536794e-01     5.548189e+00
   2.650000e+00     1.175000e+00     1.447136e+01     1.252511e+01     1.226215e+01     1.382314e+01     8.071131e+00     3.436508e+00     3.321921e-01    -1.351093e-01    -9.133929e-02    -3.579238e-01     5.518679e+00
   2.700000e+00     1.200000e+00     1.439464e+01     1.243692e+01     1.218897e+01     1.372346e+01     7.969988e+00     3.395127e+00     3.285570e-01    -1.422205e-01    -1.018658e-01    -3.618179e-01     5.489124e+00
   2.750000e+00     1.225000e+00     1.431637e+01     1.234834e+01     1.211349e+01     1.362551e+01     7.869024e+00     3.353433e+00     3.249423e-01    -1.490466e-01    -1.122413e-01    -3.653791e-01     5.459484e+00
   2.800000e+00     1.250000e+00     1.423654e+01     1.225937e+01     1.203577e+01     1.352922e+01     7.768212e+00     3.311426e+00     3.213485e-01    -1.555866e-01    -1.224677e-01    -3.686206e-01     5.429731e+00
   2.850000e+00     1.275000e+00     1.415517e+01     1.217000e+01     1.195587e+01     1.343457e+01     7.667536e+00     3.269111e+00     3.177770e-01    -1.618390e-01    -1.325453e-01    -3.715522e-01     5.399846e+00
   2.900000e+00     1.300000e+00     1.407229e+01     1.208026e+01     1.187382e+01     1.334150e+01     7.566982e+00     3.226492e+00     3.142293e-01    -1.678012e-01    -1.424737e-01    -3.741809e-01     5.369816e+00
   2.950000e+00     1.325000e+00     1.398789e+01     1.199013e+01     1.178966e+01     1.324999e+01     7.466544e+00     3.183575e+00     3.107071e-01    -1.734713e-01    -1.522520e-01    -3.765120e-01     5.339630e+00
   3.000000e+00     1.350000e+00     1.390200e+01     1.189962e+01     1.170344e+01     1.316001e+01     7.366217e+00     3.140365e+00     3.072120e-01    -1.788471e-01    -1.618794e-01    -3.785495e-01     5.309283e+00
   3.050000e+00     1.375000e+00     1.381480e+01     1.181031e+01     1.161581e+01     1.307318e+01     7.265978e+00     3.097044e+00     3.036132e-01    -1.838508e-01    -1.712689e-01    -3.805184e-01     5.278909e+00
   3.100000e+00     1.400000e+00     1.372646e+01     1.172383e+01     1.152754e+01     1.299114e+01     7.165785e+00     3.053800e+00     2.997799e-01    -1.883915e-01    -1.803171e-01    -3.826467e-01     5.248654e+00
   3.150000e+00     1.425000e+00     1.363699e+01     1.164010e+01     1.143869e+01     1.291382e+01     7.065626e+00     3.010628e+00     2.957303e-01    -1.924520e-01    -1.890025e-01    -3.849147e-01     5.218516e+00
   3.200000e+00     1.450000e+00     1.354637e+01     1.155905e+01     1.134926e+01     1.284112e+01     6.965500e+00     2.967523e+00     2.914752e-01    -1.960212e-01    -1.973113e-01    -3.873084e-01     5.188496e+00
   3.250000e+00     1.475000e+00     1.345462e+01     1.148060e+01     1.125917e+01     1.277295e+01     6.865404e+00     2.924478e+00     2.870163e-01    -1.990974e-01    -2.052413e-01    -3.898221e-01     5.158589e+00
   3.300000e+00     1.500000e+00     1.336174e+01     1.140466e+01     1.116834e+01     1.270921e+01     6.765339e+00     2.881484e+00     2.823497e-01    -2.016851e-01    -2.127981e-01    -3.924568e-01     5.128787e+00
   3.350000e+00     1.525000e+00     1.326774e+01     1.133116e+01     1.107668e+01     1.264983e+01     6.665305e+00     2.838531e+00     2.774674e-01    -2.037929e-01    -2.199919e-01    -3.952176e-01     5.099082e+00
   3.400000e+00     1.550000e+00     1.317261e+01     1.126001e+01     1.098411e+01     1.259468e+01     6.565301e+00     2.795606e+00     2.723593e-01    -2.054318e-01    -2.268359e-01    -3.981129e-01     5.069463e+00
   3.450000e+00     1.575000e+00     1.307636e+01     1.119114e+01     1.089057e+01     1.254370e+01     6.465325e+00     2.752700e+00     2.670139e-01    -2.066137e-01    -2.333446e-01    -4.011529e-01     5.039920e+00
   3.500000e+00     1.600000e+00     1.297899e+01     1.112447e+01     1.079597e+01     1.249679e+01     6.365378e+00     2.709800e+00     2.614190e-01    -2.073516e-01    -2.395334e-01    -4.043488e-01     5.010441e+00
   7.500000e+00     2.500000e+00     1.307600e+01     1.159900e+01     7.595700e+00     1.332600e+01     6.482500e+00     4.098820e+00    -5.007410e-01    -4.616300e-01    -4.124700e-01    -7.733000e-01     5.245700e+00
   1.200000e+01     3.000000e+00     1.187700e+01     7.695100e+00     5.585700e+00     1.043800e+01     6.450600e+00     5.009270e+00    -3.967240e-01    -5.777790e-01    -6.143320e-01    -2.648300e+00     9.103300e+00
   2.000000e+01     5.100000e+00     7.887200e+00     3.531400e+00    -1.455900e+00     4.660500e+00     6.696300e+00     3.370100e+00    -4.566900e-01    -1.871800e+00    -7.709100e-01    -3.300700e+00     8.885600e+00
   4.000000e+01     5.100000e+00     2.310700e+00     9.037100e-01    -6.730500e+00    -1.376800e+00     5.460700e+00    -4.120000e-01     9.812700e-01    -3.204600e+00    -6.121500e-01    -2.521400e+00     5.381900e+00
   7.000000e+01     5.100000e+00    -1.670500e+00    -6.122000e+00    -1.225500e+01    -8.109900e+00    -4.307800e-02    -2.781500e+00     6.444600e-01    -3.169800e+00    -8.826300e-01    -2.421300e+00     3.208000e+00
   1.000000e+02     5.100000e+00    -3.933000e+00    -1.107800e+01    -1.295300e+01    -9.571800e+00    -3.711100e+00    -1.700200e+00     3.927100e-01    -3.010800e+00    -1.180800e+00    -2.676100e+00     3.490100e+00
   1.000000e+03     5.100000e+00    -3.933000e+00    -1.107800e+01    -1.295300e+01    -9.571800e+00    -3.711100e+00    -1.700200e+00     3.927100e-01    -3.010800e+00    -1.180800e+00    -2.676100e+00     3.490100e+00
