 tt,betpj,betp_flat,emoe,del_emo,del_emo_0
  7.6128E+04  1.2058E-01  6.7800E-01  5.3000E+01  0.0000E+00  0.0000E+00
  7.6138E+04  1.2063E-01  6.7800E-01  5.3000E+01  0.0000E+00  0.0000E+00
  7.6148E+04  1.2157E-01  6.7800E-01  5.3000E+01  0.0000E+00  0.0000E+00
  7.6158E+04  1.2247E-01  6.7800E-01  5.3000E+01  0.0000E+00  0.0000E+00
  7.6168E+04  1.2334E-01  6.7800E-01  5.3000E+01  0.0000E+00  0.0000E+00
  7.6178E+04  1.2417E-01  6.7800E-01  5.3000E+01  0.0000E+00  0.0000E+00
  7.6188E+04  1.2500E-01  6.7800E-01  5.3000E+01  0.0000E+00  0.0000E+00
  7.6198E+04  1.2583E-01  6.7800E-01  5.3000E+01  0.0000E+00  0.0000E+00
  7.6208E+04  1.2662E-01  6.7800E-01  5.3000E+01  0.0000E+00  0.0000E+00
  7.6218E+04  1.2740E-01  6.7800E-01  5.3000E+01  0.0000E+00  0.0000E+00
  7.6228E+04  1.2820E-01  6.7800E-01  5.3000E+01  0.0000E+00  0.0000E+00
  7.6238E+04  1.2898E-01  6.7800E-01  5.3000E+01  0.0000E+00  0.0000E+00
  7.6248E+04  1.2976E-01  6.7800E-01  5.3000E+01  0.0000E+00  0.0000E+00
  7.6258E+04  1.3054E-01  6.7800E-01  5.3000E+01  0.0000E+00  0.0000E+00
  7.6268E+04  1.3130E-01  6.7800E-01  5.3000E+01  0.0000E+00  0.0000E+00
  7.6278E+04  1.3204E-01  6.7800E-01  5.3000E+01  0.0000E+00  0.0000E+00
  7.6288E+04  1.3279E-01  6.7800E-01  5.3000E+01  0.0000E+00  0.0000E+00
  7.6298E+04  1.3353E-01  6.7800E-01  5.3000E+01  0.0000E+00  0.0000E+00
  7.6308E+04  1.3424E-01  6.7800E-01  5.3000E+01  0.0000E+00  0.0000E+00
  7.6318E+04  1.3496E-01  6.7800E-01  5.3000E+01  0.0000E+00  0.0000E+00
  7.6328E+04  1.3569E-01  6.7800E-01  5.3000E+01  0.0000E+00  0.0000E+00
  7.6338E+04  1.3641E-01  6.7800E-01  5.3000E+01  0.0000E+00  0.0000E+00
  7.6348E+04  1.3712E-01  6.7800E-01  5.3000E+01  0.0000E+00  0.0000E+00
  7.6358E+04  1.3782E-01  6.7800E-01  5.3000E+01  0.0000E+00  0.0000E+00
  7.6368E+04  1.3853E-01  6.7800E-01  5.3000E+01  0.0000E+00  0.0000E+00
  7.6378E+04  1.3921E-01  6.7800E-01  5.3000E+01  0.0000E+00  0.0000E+00
  7.6388E+04  1.3989E-01  6.7800E-01  5.3000E+01  0.0000E+00  0.0000E+00
  7.6398E+04  1.4058E-01  6.7800E-01  5.3000E+01  0.0000E+00  0.0000E+00
  7.6408E+04  1.4127E-01  6.7800E-01  5.3000E+01  0.0000E+00  0.0000E+00
  7.6418E+04  1.4196E-01  6.7800E-01  5.3000E+01  0.0000E+00  0.0000E+00
  7.6428E+04  1.4263E-01  6.7800E-01  5.3000E+01  0.0000E+00  0.0000E+00
  7.6438E+04  1.4331E-01  6.7800E-01  5.3000E+01  0.0000E+00  0.0000E+00
  7.6448E+04  1.4398E-01  6.7800E-01  5.3000E+01  0.0000E+00  0.0000E+00
  7.6458E+04  1.4464E-01  6.7800E-01  5.3000E+01  0.0000E+00  0.0000E+00
  7.6468E+04  1.4531E-01  6.7800E-01  5.3000E+01  0.0000E+00  0.0000E+00
  7.6478E+04  1.4598E-01  6.7800E-01  5.3000E+01  0.0000E+00  0.0000E+00
  7.6488E+04  1.4665E-01  6.7800E-01  5.3000E+01  0.0000E+00  0.0000E+00
  7.6498E+04  1.4733E-01  6.7800E-01  5.3000E+01  0.0000E+00  0.0000E+00
  7.6508E+04  1.4801E-01  6.7800E-01  5.3000E+01  0.0000E+00  0.0000E+00
  7.6518E+04  1.4867E-01  6.7800E-01  5.3000E+01  0.0000E+00  0.0000E+00
  7.6528E+04  1.4934E-01  6.7800E-01  5.3000E+01  0.0000E+00  0.0000E+00
  7.6538E+04  1.4999E-01  6.7800E-01  5.3000E+01  0.0000E+00  0.0000E+00
  7.6548E+04  1.5063E-01  6.7800E-01  5.3000E+01  0.0000E+00  0.0000E+00
  7.6558E+04  1.5128E-01  6.7800E-01  5.3000E+01  0.0000E+00  0.0000E+00
  7.6568E+04  1.5194E-01  6.7800E-01  5.3000E+01  0.0000E+00  0.0000E+00
  7.6578E+04  1.5259E-01  6.7800E-01  5.3000E+01  0.0000E+00  0.0000E+00
  7.6588E+04  1.5320E-01  6.7800E-01  5.3000E+01  0.0000E+00  0.0000E+00
  7.6598E+04  1.5384E-01  6.7800E-01  5.3000E+01  0.0000E+00  0.0000E+00
  7.6608E+04  1.5447E-01  6.7800E-01  5.3000E+01  0.0000E+00  0.0000E+00
  7.6618E+04  1.5509E-01  6.7800E-01  5.3000E+01  0.0000E+00  0.0000E+00
  7.6628E+04  1.5571E-01  6.7800E-01  5.3000E+01  0.0000E+00  0.0000E+00
  7.6638E+04  1.5634E-01  6.7800E-01  5.3000E+01  0.0000E+00  0.0000E+00
  7.6648E+04  1.5695E-01  6.7800E-01  5.3000E+01  0.0000E+00  0.0000E+00
  7.6658E+04  1.5752E-01  6.7800E-01  5.3000E+01  0.0000E+00  0.0000E+00
  7.6668E+04  1.5811E-01  6.7800E-01  5.3000E+01  0.0000E+00  0.0000E+00
  7.6678E+04  1.5871E-01  6.7800E-01  5.3000E+01  0.0000E+00  0.0000E+00
  7.6688E+04  1.5925E-01  6.7800E-01  5.3000E+01  0.0000E+00  0.0000E+00
  7.6698E+04  1.5980E-01  6.7800E-01  5.3000E+01  0.0000E+00  0.0000E+00
  7.6708E+04  1.6037E-01  6.7800E-01  5.3000E+01  0.0000E+00  0.0000E+00
  7.6718E+04  1.6094E-01  6.7800E-01  5.3000E+01  0.0000E+00  0.0000E+00
  7.6728E+04  1.6150E-01  6.7800E-01  5.3000E+01  0.0000E+00  0.0000E+00
  7.6738E+04  1.6206E-01  6.7800E-01  5.3000E+01  0.0000E+00  0.0000E+00
  7.6748E+04  1.6263E-01  6.7800E-01  5.3000E+01  0.0000E+00  0.0000E+00
  7.6758E+04  1.6319E-01  6.7800E-01  5.3000E+01  0.0000E+00  0.0000E+00
  7.6768E+04  1.6376E-01  6.7800E-01  5.3000E+01  0.0000E+00  0.0000E+00
  7.6778E+04  1.6432E-01  6.7800E-01  5.3000E+01  0.0000E+00  0.0000E+00
  7.6788E+04  1.6487E-01  6.7800E-01  5.3000E+01  0.0000E+00  0.0000E+00
  7.6798E+04  1.6542E-01  6.7800E-01  5.3000E+01  0.0000E+00  0.0000E+00
  7.6808E+04  1.6598E-01  6.7800E-01  5.3000E+01  0.0000E+00  0.0000E+00
  7.6818E+04  1.6653E-01  6.7800E-01  5.3000E+01  0.0000E+00  0.0000E+00
  7.6828E+04  1.6710E-01  6.7800E-01  5.3000E+01  0.0000E+00  0.0000E+00
  7.6838E+04  1.6764E-01  6.7800E-01  5.3000E+01  0.0000E+00  0.0000E+00
  7.6848E+04  1.6821E-01  6.7800E-01  5.3000E+01  0.0000E+00  0.0000E+00
  7.6858E+04  1.6878E-01  6.7800E-01  5.3000E+01  0.0000E+00  0.0000E+00
  7.6868E+04  1.6932E-01  6.7800E-01  5.3000E+01  0.0000E+00  0.0000E+00
  7.6878E+04  1.6985E-01  6.7800E-01  5.3000E+01  0.0000E+00  0.0000E+00
  7.6888E+04  1.7037E-01  6.7800E-01  5.3000E+01  0.0000E+00  0.0000E+00
  7.6898E+04  1.7089E-01  6.7800E-01  5.3000E+01  0.0000E+00  0.0000E+00
  7.6908E+04  1.7147E-01  6.7800E-01  5.3000E+01  0.0000E+00  0.0000E+00
  7.6918E+04  1.7199E-01  6.7800E-01  5.3000E+01  0.0000E+00  0.0000E+00
  7.6928E+04  1.7248E-01  6.7800E-01  5.3000E+01  0.0000E+00  0.0000E+00
  7.6938E+04  1.7297E-01  6.7800E-01  5.3000E+01  0.0000E+00  0.0000E+00
  7.6948E+04  1.7349E-01  6.7800E-01  5.3000E+01  0.0000E+00  0.0000E+00
  7.6958E+04  1.7397E-01  6.7800E-01  5.3000E+01  0.0000E+00  0.0000E+00
  7.6968E+04  1.7445E-01  6.7800E-01  5.3000E+01  0.0000E+00  0.0000E+00
  7.6978E+04  1.7495E-01  6.7800E-01  5.3000E+01  0.0000E+00  0.0000E+00
  7.6988E+04  1.7545E-01  6.7800E-01  5.3000E+01  0.0000E+00  0.0000E+00
  7.6998E+04  1.7594E-01  6.7800E-01  5.3000E+01  0.0000E+00  0.0000E+00
  7.7008E+04  1.7645E-01  6.7800E-01  5.3000E+01  0.0000E+00  0.0000E+00
  7.7018E+04  1.7694E-01  6.7800E-01  5.3000E+01  0.0000E+00  0.0000E+00
  7.7028E+04  1.7741E-01  6.7800E-01  5.3000E+01  0.0000E+00  0.0000E+00
  7.7038E+04  1.7789E-01  6.7800E-01  5.3000E+01  0.0000E+00  0.0000E+00
  7.7048E+04  1.7837E-01  6.7800E-01  5.3000E+01  0.0000E+00  0.0000E+00
  7.7058E+04  1.7883E-01  6.7800E-01  5.3000E+01  0.0000E+00  0.0000E+00
  7.7068E+04  1.7929E-01  6.7800E-01  5.3000E+01  0.0000E+00  0.0000E+00
  7.7078E+04  1.7975E-01  6.7800E-01  5.3000E+01  0.0000E+00  0.0000E+00
  7.7088E+04  1.8018E-01  6.7800E-01  5.3000E+01  0.0000E+00  0.0000E+00
  7.7098E+04  1.8065E-01  6.7800E-01  5.3000E+01  0.0000E+00  0.0000E+00
  7.7108E+04  1.8113E-01  6.7800E-01  5.3000E+01  0.0000E+00  0.0000E+00
  7.7118E+04  1.8163E-01  6.7800E-01  5.3000E+01  0.0000E+00  0.0000E+00
  7.7128E+04  1.8213E-01  6.7800E-01  5.3000E+01  0.0000E+00  0.0000E+00
  7.7138E+04  1.8263E-01  6.7800E-01  5.3000E+01  0.0000E+00  0.0000E+00
  7.7148E+04  1.8310E-01  6.7800E-01  5.3000E+01  0.0000E+00  0.0000E+00
  7.7158E+04  1.8355E-01  6.7800E-01  5.3000E+01  0.0000E+00  0.0000E+00
  7.7168E+04  1.8402E-01  6.7800E-01  5.3000E+01  0.0000E+00  0.0000E+00
  7.7178E+04  1.8453E-01  6.7800E-01  5.3000E+01  0.0000E+00  0.0000E+00
  7.7188E+04  1.8501E-01  6.7800E-01  5.3000E+01  0.0000E+00  0.0000E+00
  7.7198E+04  1.8548E-01  6.7800E-01  5.3000E+01  0.0000E+00  0.0000E+00
  7.7208E+04  1.8595E-01  6.7800E-01  5.3000E+01  0.0000E+00  0.0000E+00
  7.7218E+04  1.8640E-01  6.7800E-01  5.3000E+01  0.0000E+00  0.0000E+00
  7.7228E+04  1.8683E-01  6.7800E-01  5.3000E+01  0.0000E+00  0.0000E+00
  7.7238E+04  1.8725E-01  6.7800E-01  5.3000E+01  0.0000E+00  0.0000E+00
  7.7248E+04  1.8770E-01  6.7800E-01  5.3000E+01  0.0000E+00  0.0000E+00
  7.7258E+04  1.8818E-01  6.7800E-01  5.3000E+01  0.0000E+00  0.0000E+00
  7.7268E+04  1.8863E-01  6.7800E-01  5.3000E+01  0.0000E+00  0.0000E+00
  7.7278E+04  1.8903E-01  6.7800E-01  5.3000E+01  0.0000E+00  0.0000E+00
  7.7288E+04  1.8942E-01  6.7800E-01  5.3000E+01  0.0000E+00  0.0000E+00
  7.7298E+04  1.8980E-01  6.7800E-01  5.3000E+01  0.0000E+00  0.0000E+00
  7.7308E+04  1.9021E-01  6.7800E-01  5.3000E+01  0.0000E+00  0.0000E+00
  7.7318E+04  1.9063E-01  6.7800E-01  5.3000E+01  0.0000E+00  0.0000E+00
  7.7328E+04  1.9103E-01  6.7800E-01  5.3000E+01  0.0000E+00  0.0000E+00
  7.7338E+04  1.9142E-01  6.7800E-01  5.3000E+01  0.0000E+00  0.0000E+00
  7.7348E+04  1.9184E-01  6.7800E-01  5.3000E+01  0.0000E+00  0.0000E+00
  7.7358E+04  1.9224E-01  6.7800E-01  5.3000E+01  0.0000E+00  0.0000E+00
  7.7368E+04  1.9264E-01  6.7800E-01  5.3000E+01  0.0000E+00  0.0000E+00
  7.7378E+04  1.9304E-01  6.7800E-01  5.3000E+01  0.0000E+00  0.0000E+00
  7.7388E+04  1.9344E-01  6.7800E-01  5.3000E+01  0.0000E+00  0.0000E+00
  7.7398E+04  1.9383E-01  6.7800E-01  5.3000E+01  0.0000E+00  0.0000E+00
  7.7408E+04  1.9424E-01  6.7800E-01  5.3000E+01  0.0000E+00  0.0000E+00
  7.7418E+04  1.9467E-01  6.7800E-01  5.3000E+01  0.0000E+00  0.0000E+00
  7.7428E+04  1.9508E-01  6.7800E-01  5.3000E+01  0.0000E+00  0.0000E+00
  7.7438E+04  1.9550E-01  6.7800E-01  5.3000E+01  0.0000E+00  0.0000E+00
  7.7448E+04  1.9598E-01  6.7800E-01  5.3000E+01  0.0000E+00  0.0000E+00
  7.7458E+04  1.9645E-01  6.7800E-01  5.3000E+01  0.0000E+00  0.0000E+00
  7.7468E+04  1.9685E-01  6.7800E-01  5.3000E+01  0.0000E+00  0.0000E+00
  7.7478E+04  1.9726E-01  6.7800E-01  5.3000E+01  0.0000E+00  0.0000E+00
  7.7488E+04  1.9771E-01  6.7800E-01  5.3000E+01  0.0000E+00  0.0000E+00
  7.7498E+04  1.9817E-01  6.7800E-01  5.3000E+01  0.0000E+00  0.0000E+00
  7.7508E+04  1.9859E-01  6.7800E-01  5.3000E+01  0.0000E+00  0.0000E+00
  7.7518E+04  1.9899E-01  6.7800E-01  5.3000E+01  0.0000E+00  0.0000E+00
  7.7528E+04  1.9943E-01  6.7800E-01  5.3000E+01  0.0000E+00  0.0000E+00
  7.7538E+04  1.9988E-01  6.7800E-01  5.3000E+01  0.0000E+00  0.0000E+00
  7.7548E+04  2.0030E-01  6.7800E-01  5.3000E+01  0.0000E+00  0.0000E+00
  7.7558E+04  2.0068E-01  6.7800E-01  5.3000E+01  0.0000E+00  0.0000E+00
  7.7568E+04  2.0104E-01  6.7800E-01  5.3000E+01  0.0000E+00  0.0000E+00
  7.7578E+04  2.0138E-01  6.7800E-01  5.3000E+01  0.0000E+00  0.0000E+00
  7.7588E+04  2.0171E-01  6.7800E-01  5.3000E+01  0.0000E+00  0.0000E+00
  7.7598E+04  2.0203E-01  6.7800E-01  5.3000E+01  0.0000E+00  0.0000E+00
  7.7608E+04  2.0237E-01  6.7800E-01  5.3000E+01  0.0000E+00  0.0000E+00
  7.7618E+04  2.0273E-01  6.7800E-01  5.3000E+01  0.0000E+00  0.0000E+00
  7.7628E+04  2.0311E-01  6.7800E-01  5.3000E+01  0.0000E+00  0.0000E+00
  7.7638E+04  2.0349E-01  6.7800E-01  5.3000E+01  0.0000E+00  0.0000E+00
  7.7648E+04  2.0384E-01  6.7800E-01  5.3000E+01  0.0000E+00  0.0000E+00
  7.7658E+04  2.0417E-01  6.7800E-01  5.3000E+01  0.0000E+00  0.0000E+00
  7.7668E+04  2.0447E-01  6.7800E-01  5.3000E+01  0.0000E+00  0.0000E+00
  7.7678E+04  2.0478E-01  6.7800E-01  5.3000E+01  0.0000E+00  0.0000E+00
  7.7688E+04  2.0513E-01  6.7800E-01  5.3000E+01  0.0000E+00  0.0000E+00
  7.7698E+04  2.0549E-01  6.7800E-01  5.3000E+01  0.0000E+00  0.0000E+00
  7.7708E+04  2.0583E-01  6.7800E-01  5.3000E+01  0.0000E+00  0.0000E+00
  7.7718E+04  2.0619E-01  6.7800E-01  5.3000E+01  0.0000E+00  0.0000E+00
  7.7728E+04  2.0658E-01  6.7800E-01  5.3000E+01  0.0000E+00  0.0000E+00
  7.7738E+04  2.0697E-01  6.7800E-01  5.3000E+01  0.0000E+00  0.0000E+00
  7.7748E+04  2.0736E-01  6.7800E-01  5.3000E+01  0.0000E+00  0.0000E+00
  7.7758E+04  2.0776E-01  6.7800E-01  5.3000E+01  0.0000E+00  0.0000E+00
  7.7768E+04  2.0814E-01  6.7800E-01  5.3000E+01  0.0000E+00  0.0000E+00
  7.7778E+04  2.0855E-01  6.7800E-01  5.3000E+01  0.0000E+00  0.0000E+00
  7.7788E+04  2.0894E-01  6.7800E-01  5.3000E+01  0.0000E+00  0.0000E+00
  7.7798E+04  2.0929E-01  6.7800E-01  5.3000E+01  0.0000E+00  0.0000E+00
  7.7808E+04  2.0966E-01  6.7800E-01  5.3000E+01  0.0000E+00  0.0000E+00
  7.7818E+04  2.1009E-01  6.7800E-01  5.3000E+01  0.0000E+00  0.0000E+00
  7.7828E+04  2.1054E-01  6.7800E-01  5.3000E+01  0.0000E+00  0.0000E+00
  7.7838E+04  2.1093E-01  6.7800E-01  5.3000E+01  0.0000E+00  0.0000E+00
  7.7848E+04  2.1129E-01  6.7800E-01  5.3000E+01  0.0000E+00  0.0000E+00
  7.7858E+04  2.1167E-01  6.7800E-01  5.3000E+01  0.0000E+00  0.0000E+00
  7.7868E+04  2.1207E-01  6.7800E-01  5.3000E+01  0.0000E+00  0.0000E+00
  7.7878E+04  2.1243E-01  6.7800E-01  5.3000E+01  0.0000E+00  0.0000E+00
  7.7888E+04  2.1276E-01  6.7800E-01  5.3000E+01  0.0000E+00  0.0000E+00
  7.7898E+04  2.1310E-01  6.7800E-01  5.3000E+01  0.0000E+00  0.0000E+00
  7.7908E+04  2.1343E-01  6.7800E-01  5.3000E+01  0.0000E+00  0.0000E+00
  7.7918E+04  2.1373E-01  6.7800E-01  5.3000E+01  0.0000E+00  0.0000E+00
  7.7928E+04  2.1405E-01  6.7800E-01  5.3000E+01  0.0000E+00  0.0000E+00
  7.7938E+04  2.1443E-01  6.7800E-01  5.3000E+01  0.0000E+00  0.0000E+00
  7.7948E+04  2.1477E-01  6.7800E-01  5.3000E+01  0.0000E+00  0.0000E+00
  7.7958E+04  2.1506E-01  6.7800E-01  5.3000E+01  0.0000E+00  0.0000E+00
  7.7968E+04  2.1534E-01  6.7800E-01  5.3000E+01  0.0000E+00  0.0000E+00
  7.7978E+04  2.1563E-01  6.7800E-01  5.3000E+01  0.0000E+00  0.0000E+00
  7.7988E+04  2.1594E-01  6.7800E-01  5.3000E+01  0.0000E+00  0.0000E+00
  7.7998E+04  2.1627E-01  6.7800E-01  5.3000E+01  0.0000E+00  0.0000E+00
  7.8008E+04  2.1663E-01  6.7800E-01  5.3000E+01  0.0000E+00  0.0000E+00
  7.8018E+04  2.1697E-01  6.7800E-01  5.3000E+01  0.0000E+00  0.0000E+00
  7.8028E+04  2.1735E-01  6.7800E-01  5.3000E+01  0.0000E+00  0.0000E+00
  7.8038E+04  2.1775E-01  6.7800E-01  5.3000E+01  0.0000E+00  0.0000E+00
  7.8048E+04  2.1810E-01  6.7800E-01  5.3000E+01  0.0000E+00  0.0000E+00
  7.8058E+04  2.1846E-01  6.7800E-01  5.3000E+01  0.0000E+00  0.0000E+00
  7.8068E+04  2.1882E-01  6.7800E-01  5.3000E+01  0.0000E+00  0.0000E+00
  7.8078E+04  2.1917E-01  6.7800E-01  5.3000E+01  0.0000E+00  0.0000E+00
  7.8088E+04  2.1953E-01  6.7800E-01  5.3000E+01  0.0000E+00  0.0000E+00
  7.8098E+04  2.1994E-01  6.7800E-01  5.3000E+01  0.0000E+00  0.0000E+00
  7.8108E+04  2.2034E-01  6.7800E-01  5.3000E+01  0.0000E+00  0.0000E+00
  7.8118E+04  2.2070E-01  6.7800E-01  5.3000E+01  0.0000E+00  0.0000E+00
  7.8128E+04  2.2102E-01  6.7800E-01  5.3000E+01  0.0000E+00  0.0000E+00
  7.8138E+04  2.2133E-01  6.7800E-01  5.3000E+01  0.0000E+00  0.0000E+00
  7.8148E+04  2.2168E-01  6.7800E-01  5.3000E+01  0.0000E+00  0.0000E+00
  7.8158E+04  2.2203E-01  6.7800E-01  5.3000E+01  0.0000E+00  0.0000E+00
  7.8168E+04  2.2233E-01  6.7800E-01  5.3000E+01  0.0000E+00  0.0000E+00
  7.8178E+04  2.2258E-01  6.7800E-01  5.3000E+01  0.0000E+00  0.0000E+00
  7.8188E+04  2.2282E-01  6.7800E-01  5.3000E+01  0.0000E+00  0.0000E+00
  7.8198E+04  2.2312E-01  6.7800E-01  5.3000E+01  0.0000E+00  0.0000E+00
  7.8208E+04  2.2349E-01  6.7800E-01  5.3000E+01  0.0000E+00  0.0000E+00
  7.8218E+04  2.2383E-01  6.7800E-01  5.3000E+01  0.0000E+00  0.0000E+00
  7.8228E+04  2.2409E-01  6.7800E-01  5.3000E+01  0.0000E+00  0.0000E+00
  7.8238E+04  2.2431E-01  6.7800E-01  5.3000E+01  0.0000E+00  0.0000E+00
  7.8248E+04  2.2458E-01  6.7800E-01  5.3000E+01  0.0000E+00  0.0000E+00
  7.8258E+04  2.2488E-01  6.7800E-01  5.3000E+01  0.0000E+00  0.0000E+00
  7.8268E+04  2.2515E-01  6.7800E-01  5.3000E+01  0.0000E+00  0.0000E+00
  7.8278E+04  2.2543E-01  6.7800E-01  5.3000E+01  0.0000E+00  0.0000E+00
  7.8288E+04  2.2571E-01  6.7800E-01  5.3000E+01  0.0000E+00  0.0000E+00
  7.8298E+04  2.2603E-01  6.7800E-01  5.3000E+01  0.0000E+00  0.0000E+00
  7.8308E+04  2.2639E-01  6.7800E-01  5.3000E+01  0.0000E+00  0.0000E+00
  7.8318E+04  2.2675E-01  6.7800E-01  5.3000E+01  0.0000E+00  0.0000E+00
  7.8328E+04  2.2704E-01  6.7800E-01  5.3000E+01  0.0000E+00  0.0000E+00
  7.8338E+04  2.2734E-01  6.7800E-01  5.3000E+01  0.0000E+00  0.0000E+00
  7.8348E+04  2.2770E-01  6.7800E-01  5.3000E+01  0.0000E+00  0.0000E+00
  7.8358E+04  2.2801E-01  6.7800E-01  5.3000E+01  0.0000E+00  0.0000E+00
  7.8368E+04  2.2831E-01  6.7800E-01  5.3000E+01  0.0000E+00  0.0000E+00
  7.8378E+04  2.2861E-01  6.7800E-01  5.3000E+01  0.0000E+00  0.0000E+00
  7.8388E+04  2.2889E-01  6.7800E-01  5.3000E+01  0.0000E+00  0.0000E+00
  7.8398E+04  2.2916E-01  6.7800E-01  5.3000E+01  0.0000E+00  0.0000E+00
  7.8408E+04  2.2942E-01  6.7800E-01  5.3000E+01  0.0000E+00  0.0000E+00
  7.8418E+04  2.2966E-01  6.7800E-01  5.3000E+01  0.0000E+00  0.0000E+00
  7.8428E+04  2.2990E-01  6.7800E-01  5.3000E+01  0.0000E+00  0.0000E+00
  7.8438E+04  2.3014E-01  6.7800E-01  5.3000E+01  0.0000E+00  0.0000E+00
  7.8448E+04  2.3035E-01  6.7800E-01  5.3000E+01  0.0000E+00  0.0000E+00
  7.8458E+04  2.3060E-01  6.7800E-01  5.3000E+01  0.0000E+00  0.0000E+00
  7.8468E+04  2.3093E-01  6.7800E-01  5.3000E+01  0.0000E+00  0.0000E+00
  7.8478E+04  2.3126E-01  6.7800E-01  5.3000E+01  0.0000E+00  0.0000E+00
  7.8488E+04  2.3154E-01  6.7800E-01  5.3000E+01  0.0000E+00  0.0000E+00
  7.8498E+04  2.3176E-01  6.7800E-01  5.3000E+01  0.0000E+00  0.0000E+00
  7.8508E+04  2.3195E-01  6.7800E-01  5.3000E+01  0.0000E+00  0.0000E+00
  7.8518E+04  2.3214E-01  6.7800E-01  5.3000E+01  0.0000E+00  0.0000E+00
  7.8528E+04  2.3234E-01  6.7800E-01  5.3000E+01  0.0000E+00  0.0000E+00
  7.8538E+04  2.3261E-01  6.7800E-01  5.3000E+01  0.0000E+00  0.0000E+00
  7.8548E+04  2.3297E-01  6.7800E-01  5.3000E+01  0.0000E+00  0.0000E+00
  7.8558E+04  2.3325E-01  6.7800E-01  5.3000E+01  0.0000E+00  0.0000E+00
  7.8568E+04  2.3349E-01  6.7800E-01  5.3000E+01  0.0000E+00  0.0000E+00
  7.8578E+04  2.3372E-01  6.7800E-01  5.3000E+01  0.0000E+00  0.0000E+00
  7.8588E+04  2.3391E-01  6.7800E-01  5.3000E+01  0.0000E+00  0.0000E+00
  7.8598E+04  2.3411E-01  6.7800E-01  5.3000E+01  0.0000E+00  0.0000E+00
  7.8608E+04  2.3432E-01  6.7800E-01  5.3000E+01  0.0000E+00  0.0000E+00
  7.8618E+04  2.3459E-01  6.7800E-01  5.3000E+01  0.0000E+00  0.0000E+00
  7.8628E+04  2.3496E-01  6.7800E-01  5.3000E+01  0.0000E+00  0.0000E+00
  7.8638E+04  2.3528E-01  6.7800E-01  5.3000E+01  0.0000E+00  0.0000E+00
  7.8648E+04  2.3558E-01  6.7800E-01  5.3000E+01  0.0000E+00  0.0000E+00
  7.8658E+04  2.3588E-01  6.7800E-01  5.3000E+01  0.0000E+00  0.0000E+00
  7.8668E+04  2.3617E-01  6.7800E-01  5.3000E+01  0.0000E+00  0.0000E+00
  7.8678E+04  2.3647E-01  6.7800E-01  5.3000E+01  0.0000E+00  0.0000E+00
  7.8688E+04  2.3675E-01  6.7800E-01  5.3000E+01  0.0000E+00  0.0000E+00
  7.8698E+04  2.3704E-01  6.7800E-01  5.3000E+01  0.0000E+00  0.0000E+00
  7.8708E+04  2.3731E-01  6.7800E-01  5.3000E+01  0.0000E+00  0.0000E+00
  7.8718E+04  2.3762E-01  6.7800E-01  5.3000E+01  0.0000E+00  0.0000E+00
  7.8728E+04  2.3792E-01  6.7800E-01  5.3000E+01  0.0000E+00  0.0000E+00
  7.8738E+04  2.3819E-01  6.7800E-01  5.3000E+01  0.0000E+00  0.0000E+00
  7.8748E+04  2.3844E-01  6.7800E-01  5.3000E+01  0.0000E+00  0.0000E+00
  7.8758E+04  2.3869E-01  6.7800E-01  5.3000E+01  0.0000E+00  0.0000E+00
  7.8768E+04  2.3892E-01  6.7800E-01  5.3000E+01  0.0000E+00  0.0000E+00
  7.8778E+04  2.3916E-01  6.7800E-01  5.3000E+01  0.0000E+00  0.0000E+00
  7.8788E+04  2.3946E-01  6.7800E-01  5.3000E+01  0.0000E+00  0.0000E+00
  7.8798E+04  2.3978E-01  6.7800E-01  5.3000E+01  0.0000E+00  0.0000E+00
  7.8808E+04  2.4005E-01  6.7800E-01  5.3000E+01  0.0000E+00  0.0000E+00
  7.8818E+04  2.4026E-01  6.7800E-01  5.3000E+01  0.0000E+00  0.0000E+00
  7.8828E+04  2.4045E-01  6.7800E-01  5.3000E+01  0.0000E+00  0.0000E+00
  7.8838E+04  2.4076E-01  6.7800E-01  5.3000E+01  0.0000E+00  0.0000E+00
  7.8848E+04  2.4114E-01  6.7800E-01  5.3000E+01  0.0000E+00  0.0000E+00
  7.8858E+04  2.4145E-01  6.7800E-01  5.3000E+01  0.0000E+00  0.0000E+00
  7.8868E+04  2.4170E-01  6.7800E-01  5.3000E+01  0.0000E+00  0.0000E+00
  7.8878E+04  2.4193E-01  6.7800E-01  5.3000E+01  0.0000E+00  0.0000E+00
  7.8888E+04  2.4221E-01  6.7800E-01  5.3000E+01  0.0000E+00  0.0000E+00
  7.8898E+04  2.4253E-01  6.7800E-01  5.3000E+01  0.0000E+00  0.0000E+00
  7.8908E+04  2.4280E-01  6.7800E-01  5.3000E+01  0.0000E+00  0.0000E+00
  7.8918E+04  2.4306E-01  6.7800E-01  5.3000E+01  0.0000E+00  0.0000E+00
  7.8928E+04  2.4337E-01  6.7800E-01  5.3000E+01  0.0000E+00  0.0000E+00
  7.8938E+04  2.4366E-01  6.7800E-01  5.3000E+01  0.0000E+00  0.0000E+00
  7.8948E+04  2.4394E-01  6.7800E-01  5.3000E+01  0.0000E+00  0.0000E+00
  7.8958E+04  2.4419E-01  6.7800E-01  5.3000E+01  0.0000E+00  0.0000E+00
  7.8968E+04  2.4444E-01  6.7800E-01  5.3000E+01  0.0000E+00  0.0000E+00
  7.8978E+04  2.4468E-01  6.7800E-01  5.3000E+01  0.0000E+00  0.0000E+00
  7.8988E+04  2.4490E-01  6.7800E-01  5.3000E+01  0.0000E+00  0.0000E+00
  7.8998E+04  2.4510E-01  6.7800E-01  5.3000E+01  0.0000E+00  0.0000E+00
  7.9008E+04  2.4531E-01  6.7800E-01  5.3000E+01  0.0000E+00  0.0000E+00
  7.9018E+04  2.4564E-01  6.7800E-01  5.3000E+01  0.0000E+00  0.0000E+00
  7.9028E+04  2.4599E-01  6.7800E-01  5.3000E+01  0.0000E+00  0.0000E+00
  7.9038E+04  2.4627E-01  6.7800E-01  5.3000E+01  0.0000E+00  0.0000E+00
  7.9048E+04  2.4651E-01  6.7800E-01  5.3000E+01  0.0000E+00  0.0000E+00
  7.9058E+04  2.4674E-01  6.7800E-01  5.3000E+01  0.0000E+00  0.0000E+00
  7.9068E+04  2.4696E-01  6.7800E-01  5.3000E+01  0.0000E+00  0.0000E+00
  7.9078E+04  2.4720E-01  6.7800E-01  5.3000E+01  0.0000E+00  0.0000E+00
  7.9088E+04  2.4742E-01  6.7800E-01  5.3000E+01  0.0000E+00  0.0000E+00
  7.9098E+04  2.4760E-01  6.7800E-01  5.3000E+01  0.0000E+00  0.0000E+00
  7.9108E+04  2.4785E-01  6.7800E-01  5.3000E+01  0.0000E+00  0.0000E+00
  7.9118E+04  2.4814E-01  6.7800E-01  5.3000E+01  0.0000E+00  0.0000E+00
  7.9128E+04  2.4839E-01  6.7800E-01  5.3000E+01  0.0000E+00  0.0000E+00
  7.9138E+04  2.4867E-01  6.7800E-01  5.3000E+01  0.0000E+00  0.0000E+00
  7.9148E+04  2.4890E-01  6.7800E-01  5.3000E+01  0.0000E+00  0.0000E+00
  7.9158E+04  2.4909E-01  6.7800E-01  5.3000E+01  0.0000E+00  0.0000E+00
  7.9168E+04  2.4931E-01  6.7800E-01  5.3000E+01  0.0000E+00  0.0000E+00
  7.9178E+04  2.4954E-01  6.7800E-01  5.3000E+01  0.0000E+00  0.0000E+00
  7.9188E+04  2.4976E-01  6.7800E-01  5.3000E+01  0.0000E+00  0.0000E+00
  7.9198E+04  2.4993E-01  6.7800E-01  5.3000E+01  0.0000E+00  0.0000E+00
  7.9208E+04  2.5007E-01  6.7800E-01  5.3000E+01  0.0000E+00  0.0000E+00
  7.9218E+04  2.5032E-01  6.7800E-01  5.3000E+01  0.0000E+00  0.0000E+00
  7.9228E+04  2.5064E-01  6.7800E-01  5.3000E+01  0.0000E+00  0.0000E+00
  7.9238E+04  2.5090E-01  6.7800E-01  5.3000E+01  0.0000E+00  0.0000E+00
  7.9248E+04  2.5116E-01  6.7800E-01  5.3000E+01  0.0000E+00  0.0000E+00
  7.9258E+04  2.5142E-01  6.7800E-01  5.3000E+01  0.0000E+00  0.0000E+00
  7.9268E+04  2.5166E-01  6.7800E-01  5.3000E+01  0.0000E+00  0.0000E+00
  7.9278E+04  2.5192E-01  6.7800E-01  5.3000E+01  0.0000E+00  0.0000E+00
  7.9288E+04  2.5217E-01  6.7800E-01  5.3000E+01  0.0000E+00  0.0000E+00
  7.9298E+04  2.5245E-01  6.7800E-01  5.3000E+01  0.0000E+00  0.0000E+00
  7.9308E+04  2.5272E-01  6.7800E-01  5.3000E+01  0.0000E+00  0.0000E+00
  7.9318E+04  2.5300E-01  6.7800E-01  5.3000E+01  0.0000E+00  0.0000E+00
  7.9328E+04  2.5331E-01  6.7800E-01  5.3000E+01  0.0000E+00  0.0000E+00
  7.9338E+04  2.5362E-01  6.7800E-01  5.3000E+01  0.0000E+00  0.0000E+00
  7.9348E+04  2.5392E-01  6.7800E-01  5.3000E+01  0.0000E+00  0.0000E+00
  7.9358E+04  2.5419E-01  6.7800E-01  5.3000E+01  0.0000E+00  0.0000E+00
  7.9368E+04  2.5448E-01  6.7800E-01  5.3000E+01  0.0000E+00  0.0000E+00
  7.9378E+04  2.5479E-01  6.7800E-01  5.3000E+01  0.0000E+00  0.0000E+00
  7.9388E+04  2.5503E-01  6.7800E-01  5.3000E+01  0.0000E+00  0.0000E+00
  7.9398E+04  2.5524E-01  6.7800E-01  5.3000E+01  0.0000E+00  0.0000E+00
  7.9408E+04  2.5548E-01  6.7800E-01  5.3000E+01  0.0000E+00  0.0000E+00
  7.9418E+04  2.5573E-01  6.7800E-01  5.3000E+01  0.0000E+00  0.0000E+00
  7.9428E+04  2.5603E-01  6.7800E-01  5.3000E+01  0.0000E+00  0.0000E+00
  7.9438E+04  2.5628E-01  6.7800E-01  5.3000E+01  0.0000E+00  0.0000E+00
  7.9448E+04  2.5651E-01  6.7800E-01  5.3000E+01  0.0000E+00  0.0000E+00
  7.9458E+04  2.5674E-01  6.7800E-01  5.3000E+01  0.0000E+00  0.0000E+00
  7.9468E+04  2.5692E-01  6.7800E-01  5.3000E+01  0.0000E+00  0.0000E+00
  7.9478E+04  2.5705E-01  6.7800E-01  5.3000E+01  0.0000E+00  0.0000E+00
  7.9488E+04  2.5714E-01  6.7800E-01  5.3000E+01  0.0000E+00  0.0000E+00
  7.9498E+04  2.5729E-01  6.7800E-01  5.3000E+01  0.0000E+00  0.0000E+00
  7.9508E+04  2.5743E-01  6.7800E-01  5.3000E+01  0.0000E+00  0.0000E+00
  7.9518E+04  2.5754E-01  6.7800E-01  5.3000E+01  0.0000E+00  0.0000E+00
  7.9528E+04  2.5767E-01  6.7800E-01  5.3000E+01  0.0000E+00  0.0000E+00
  7.9538E+04  2.5779E-01  6.7800E-01  5.3000E+01  0.0000E+00  0.0000E+00
  7.9548E+04  2.5790E-01  6.7800E-01  5.3000E+01  0.0000E+00  0.0000E+00
  7.9558E+04  2.5806E-01  6.7800E-01  5.3000E+01  0.0000E+00  0.0000E+00
  7.9568E+04  2.5829E-01  6.7800E-01  5.3000E+01  0.0000E+00  0.0000E+00
  7.9578E+04  2.5839E-01  6.7800E-01  5.3000E+01  0.0000E+00  0.0000E+00
  7.9588E+04  2.5847E-01  6.7800E-01  5.3000E+01  0.0000E+00  0.0000E+00
  7.9598E+04  2.5861E-01  6.7800E-01  5.3000E+01  0.0000E+00  0.0000E+00
  7.9608E+04  2.5885E-01  6.7800E-01  5.3000E+01  0.0000E+00  0.0000E+00
  7.9618E+04  2.5901E-01  6.7800E-01  5.3000E+01  0.0000E+00  0.0000E+00
  7.9628E+04  2.5910E-01  6.7800E-01  5.3000E+01  0.0000E+00  0.0000E+00
  7.9638E+04  2.5922E-01  6.7800E-01  5.3000E+01  0.0000E+00  0.0000E+00
  7.9648E+04  2.5949E-01  6.7800E-01  5.3000E+01  0.0000E+00  0.0000E+00
  7.9658E+04  2.5968E-01  6.7800E-01  5.3000E+01  0.0000E+00  0.0000E+00
  7.9668E+04  2.5984E-01  6.7800E-01  5.3000E+01  0.0000E+00  0.0000E+00
  7.9678E+04  2.6002E-01  6.7800E-01  5.3000E+01  0.0000E+00  0.0000E+00
  7.9688E+04  2.6027E-01  6.7800E-01  5.3000E+01  0.0000E+00  0.0000E+00
  7.9698E+04  2.6049E-01  6.7800E-01  5.3000E+01  0.0000E+00  0.0000E+00
  7.9708E+04  2.6065E-01  6.7800E-01  5.3000E+01  0.0000E+00  0.0000E+00
  7.9718E+04  2.6082E-01  6.7800E-01  5.3000E+01  0.0000E+00  0.0000E+00
  7.9728E+04  2.6101E-01  6.7800E-01  5.3000E+01  0.0000E+00  0.0000E+00
  7.9738E+04  2.6122E-01  6.7800E-01  5.3000E+01  0.0000E+00  0.0000E+00
  7.9748E+04  2.6139E-01  6.7800E-01  5.3000E+01  0.0000E+00  0.0000E+00
  7.9758E+04  2.6157E-01  6.7800E-01  5.3000E+01  0.0000E+00  0.0000E+00
  7.9768E+04  2.6171E-01  6.7800E-01  5.3000E+01  0.0000E+00  0.0000E+00
  7.9778E+04  2.6196E-01  6.7800E-01  5.3000E+01  0.0000E+00  0.0000E+00
  7.9788E+04  2.6226E-01  6.7800E-01  5.3000E+01  0.0000E+00  0.0000E+00
  7.9798E+04  2.6243E-01  6.7800E-01  5.3000E+01  0.0000E+00  0.0000E+00
  7.9808E+04  2.6253E-01  6.7800E-01  5.3000E+01  0.0000E+00  0.0000E+00
  7.9818E+04  2.6263E-01  6.7800E-01  5.3000E+01  0.0000E+00  0.0000E+00
  7.9828E+04  2.6285E-01  6.7800E-01  5.3000E+01  0.0000E+00  0.0000E+00
  7.9838E+04  2.6309E-01  6.7800E-01  5.3000E+01  0.0000E+00  0.0000E+00
  7.9848E+04  2.6320E-01  6.7800E-01  5.3000E+01  0.0000E+00  0.0000E+00
  7.9858E+04  2.6330E-01  6.7800E-01  5.3000E+01  0.0000E+00  0.0000E+00
  7.9868E+04  2.6339E-01  6.7800E-01  5.3000E+01  0.0000E+00  0.0000E+00
  7.9878E+04  2.6348E-01  6.7800E-01  5.3000E+01  0.0000E+00  0.0000E+00
  7.9888E+04  2.6363E-01  6.7800E-01  5.3000E+01  0.0000E+00  0.0000E+00
  7.9898E+04  2.6378E-01  6.7800E-01  5.3000E+01  0.0000E+00  0.0000E+00
  7.9908E+04  2.6386E-01  6.7800E-01  5.3000E+01  0.0000E+00  0.0000E+00
  7.9918E+04  2.6404E-01  6.7800E-01  5.3000E+01  0.0000E+00  0.0000E+00
  7.9928E+04  2.6432E-01  6.7800E-01  5.3000E+01  0.0000E+00  0.0000E+00
  7.9938E+04  2.6453E-01  6.7800E-01  5.3000E+01  0.0000E+00  0.0000E+00
  7.9948E+04  2.6467E-01  6.7800E-01  5.3000E+01  0.0000E+00  0.0000E+00
  7.9958E+04  2.6476E-01  6.7800E-01  5.3000E+01  0.0000E+00  0.0000E+00
  7.9968E+04  2.6488E-01  6.7800E-01  5.3000E+01  0.0000E+00  0.0000E+00
  7.9978E+04  2.6502E-01  6.7800E-01  5.3000E+01  0.0000E+00  0.0000E+00
  7.9988E+04  2.6526E-01  6.7800E-01  5.3000E+01  0.0000E+00  0.0000E+00
  7.9998E+04  2.6555E-01  6.7800E-01  5.3000E+01  0.0000E+00  0.0000E+00
  8.0008E+04  2.6573E-01  6.7800E-01  5.3000E+01  0.0000E+00  0.0000E+00
  8.0018E+04  2.6595E-01  6.7800E-01  5.3000E+01  0.0000E+00  0.0000E+00
  8.0028E+04  2.6615E-01  6.7800E-01  5.3000E+01  0.0000E+00  0.0000E+00
  8.0038E+04  2.6632E-01  6.7800E-01  5.3000E+01  0.0000E+00  0.0000E+00
  8.0048E+04  2.6655E-01  6.7800E-01  5.3000E+01  0.0000E+00  0.0000E+00
  8.0058E+04  2.6678E-01  6.7800E-01  5.3000E+01  0.0000E+00  0.0000E+00
  8.0068E+04  2.6696E-01  6.7800E-01  5.3000E+01  0.0000E+00  0.0000E+00
  8.0078E+04  2.6711E-01  6.7800E-01  5.3000E+01  0.0000E+00  0.0000E+00
  8.0088E+04  2.6727E-01  6.7800E-01  5.3000E+01  0.0000E+00  0.0000E+00
  8.0098E+04  2.6746E-01  6.7800E-01  5.3000E+01  0.0000E+00  0.0000E+00
  8.0108E+04  2.6770E-01  6.7800E-01  5.3000E+01  0.0000E+00  0.0000E+00
  8.0118E+04  2.6786E-01  6.7800E-01  5.3000E+01  0.0000E+00  0.0000E+00
  8.0128E+04  2.6800E-01  6.7800E-01  5.3000E+01  0.0000E+00  0.0000E+00
  8.0138E+04  2.6815E-01  6.7800E-01  5.3000E+01  0.0000E+00  0.0000E+00
  8.0148E+04  2.6827E-01  6.7800E-01  5.3000E+01  0.0000E+00  0.0000E+00
  8.0158E+04  2.6834E-01  6.7800E-01  5.3000E+01  0.0000E+00  0.0000E+00
  8.0168E+04  2.6854E-01  6.7800E-01  5.3000E+01  0.0000E+00  0.0000E+00
  8.0178E+04  2.6878E-01  6.7800E-01  5.3000E+01  0.0000E+00  0.0000E+00
  8.0188E+04  2.6893E-01  6.7800E-01  5.3000E+01  0.0000E+00  0.0000E+00
  8.0198E+04  2.6903E-01  6.7800E-01  5.3000E+01  0.0000E+00  0.0000E+00
  8.0208E+04  2.6926E-01  6.7800E-01  5.3000E+01  0.0000E+00  0.0000E+00
  8.0218E+04  2.6949E-01  6.7800E-01  5.3000E+01  0.0000E+00  0.0000E+00
  8.0228E+04  2.6963E-01  6.7800E-01  5.3000E+01  0.0000E+00  0.0000E+00
  8.0238E+04  2.6978E-01  6.7800E-01  5.3000E+01  0.0000E+00  0.0000E+00
  8.0248E+04  2.7000E-01  6.7800E-01  5.3000E+01  0.0000E+00  0.0000E+00
  8.0258E+04  2.7024E-01  6.7800E-01  5.3000E+01  0.0000E+00  0.0000E+00
  8.0268E+04  2.7050E-01  6.7800E-01  5.3000E+01  0.0000E+00  0.0000E+00
  8.0278E+04  2.7069E-01  6.7800E-01  5.3000E+01  0.0000E+00  0.0000E+00
  8.0288E+04  2.7089E-01  6.7800E-01  5.3000E+01  0.0000E+00  0.0000E+00
  8.0298E+04  2.7106E-01  6.7800E-01  5.3000E+01  0.0000E+00  0.0000E+00
  8.0308E+04  2.7120E-01  6.7800E-01  5.3000E+01  0.0000E+00  0.0000E+00
  8.0318E+04  2.7141E-01  6.7800E-01  5.3000E+01  0.0000E+00  0.0000E+00
  8.0328E+04  2.7165E-01  6.7800E-01  5.3000E+01  0.0000E+00  0.0000E+00
  8.0338E+04  2.7181E-01  6.7800E-01  5.3000E+01  0.0000E+00  0.0000E+00
  8.0348E+04  2.7195E-01  6.7800E-01  5.3000E+01  0.0000E+00  0.0000E+00
  8.0358E+04  2.7211E-01  6.7800E-01  5.3000E+01  0.0000E+00  0.0000E+00
  8.0368E+04  2.7229E-01  6.7800E-01  5.3000E+01  0.0000E+00  0.0000E+00
  8.0378E+04  2.7243E-01  6.7800E-01  5.3000E+01  0.0000E+00  0.0000E+00
  8.0388E+04  2.7259E-01  6.7800E-01  5.3000E+01  0.0000E+00  0.0000E+00
  8.0398E+04  2.7273E-01  6.7800E-01  5.3000E+01  0.0000E+00  0.0000E+00
  8.0408E+04  2.7287E-01  6.7800E-01  5.3000E+01  0.0000E+00  0.0000E+00
  8.0418E+04  2.7296E-01  6.7800E-01  5.3000E+01  0.0000E+00  0.0000E+00
