  n_t  !pfres.dat
  8
  time  CS3Ures  CS2Ures  CS1res  CS2Lres  CS3Lres  PF1res  PF2res  PF3res  PF4res  PF5res  PF6res  VS3res  TRI_SUPPres  COPP_CLADres  INB_RAILres
   0.000000e+00     7.697550e-07     6.842260e-07     1.733370e-06     6.158040e-07     1.026340e-06     4.368790e-06     0.000000e+00     0.000000e+00     0.000000e+00     0.000000e+00     2.302790e-06     1.000000e+03     6.424110e-04     1.000000e+03     4.016570e-04
   3.000000e+00     7.697550e-07     6.842260e-07     1.733370e-06     6.158040e-07     1.026340e-06     4.368790e-06     0.000000e+00     0.000000e+00     0.000000e+00     0.000000e+00     2.302790e-06     1.000000e+03     6.424110e-04     1.000000e+03     4.016570e-04
   3.002000e+00     0.000000e+00     0.000000e+00     3.909860e-07     0.000000e+00     0.000000e+00     0.000000e+00     0.000000e+00     0.000000e+00     0.000000e+00     0.000000e+00     0.000000e+00     1.000000e+03     6.424110e-04     1.000000e+03     4.016570e-04
   3.500000e+00     0.000000e+00     0.000000e+00     3.909860e-07     0.000000e+00     0.000000e+00     0.000000e+00     0.000000e+00     0.000000e+00     0.000000e+00     0.000000e+00     0.000000e+00     1.000000e+03     6.424110e-04     1.000000e+03     4.016570e-04
   3.502000e+00     0.000000e+00     0.000000e+00     3.909860e-07     0.000000e+00     0.000000e+00     0.000000e+00     0.000000e+00     0.000000e+00     0.000000e+00     0.000000e+00     0.000000e+00     7.500000e-04     6.424110e-04     1.000000e+03     4.016570e-04
   1.000000e+01     0.000000e+00     0.000000e+00     3.909860e-07     0.000000e+00     0.000000e+00     0.000000e+00     0.000000e+00     0.000000e+00     0.000000e+00     0.000000e+00     0.000000e+00     7.500000e-04     6.424110e-04     1.000000e+03     4.016570e-04
   1.000200e+01     0.000000e+00     0.000000e+00     0.000000e+00     0.000000e+00     0.000000e+00     0.000000e+00     0.000000e+00     0.000000e+00     0.000000e+00     0.000000e+00     0.000000e+00     7.500000e-04     6.424110e-04     1.000000e+03     4.016570e-04
   1.000000e+06     0.000000e+00     0.000000e+00     0.000000e+00     0.000000e+00     0.000000e+00     0.000000e+00     0.000000e+00     0.000000e+00     0.000000e+00     0.000000e+00     0.000000e+00     7.500000e-04     6.424110e-04     1.000000e+03     4.016570e-04
