   tcont2 Ip_div ref_ramp Ip_rd   trd_ref  ! control_data2.dat
  1.7   2.95   1.        1.e-15   30.
c_a_tpl1    c_a_tpl1_eob      c_a_tpl2     c_a_tpl_min       y0      c1_y0        c2_y0
   5           1.7               3            0.64           0.7       1.8          2.4
ktime  ! volt.dat
18
time    CSU3 CSU2 CS1 CSL2 CSL3   PF1 PF2 PF3 PF4 PF5 PF6
     2.000000e+00     0.000000e+00     0.000000e+00     0.000000e+00     0.000000e+00     0.000000e+00     0.000000e+00     0.000000e+00     0.000000e+00     0.000000e+00     0.000000e+00     0.000000e+00
     4.000000e+00     2.829308e+00     3.649019e+00     6.746799e+00     3.551562e+00    -1.544662e+00    -8.446807e+00    -2.690418e+01    -1.634917e+01    -1.514935e+01    -1.008497e+01    -3.569795e+00
     2.040000e+02     1.883298e+00     3.460919e+00     5.936313e+00     3.021701e+00    -1.849044e+00    -8.447296e+00    -2.637230e+01     2.402823e+00     1.498023e+00    -7.623490e+00    -2.594687e+00
     4.040000e+02     1.603525e+00     3.130167e+00     5.069350e+00     2.808855e+00    -2.337887e+00    -8.447293e+00    -2.657364e+01     1.562396e-01    -8.610660e-03    -8.628329e+00    -2.866417e+00
     6.040000e+02     6.717341e-02     1.822424e-02     7.560958e-01     4.505504e-01    -2.045470e+00    -8.444865e+00    -2.684984e+01    -7.629207e+00    -8.310208e+00    -1.177017e+01    -3.339896e+00
     8.040000e+02     5.109307e-01    -2.335043e+00     1.164439e+00    -1.680860e+00    -1.862435e+00    -8.440062e+00    -2.714568e+01    -1.599121e+01    -1.854032e+01    -1.452952e+01    -4.028356e+00
     1.004000e+03     1.934115e+00    -3.070327e+00     1.771026e+00    -2.756036e+00    -1.686026e+00    -8.434590e+00    -2.718350e+01    -1.578845e+01    -1.854032e+01    -1.452952e+01    -4.571180e+00
     1.204000e+03     2.452516e+00     1.473188e+00     7.581227e+00    -3.194621e+00    -6.568305e-01    -3.429881e+00     1.980454e+00    -1.644985e+01    -1.854032e+01    -1.156347e+01    -1.464054e+00
     1.404000e+03     2.262911e+00     4.467691e-01     1.245707e-01     1.296001e+00     1.470287e+00    -7.365584e-01    -1.788206e+01    -1.457246e+01    -1.722221e+01    -4.799317e+00     3.718051e-01
     1.604000e+03    -2.729511e-02     7.355919e-01     3.457872e+00     1.803067e+00    -1.205180e-01     5.061339e+00    -2.050328e+00    -1.297589e+01    -1.596186e+01    -9.386667e+00     1.906491e+00
     1.804000e+03     1.835342e-01    -1.199743e-01     4.748059e+00     1.944889e+00     1.893971e-01     7.250435e+00     2.653948e-01    -1.361824e+01    -1.446315e+01    -9.440201e+00     3.410019e+00
     2.004000e+03     1.679214e+00     3.100099e-01     6.119637e+00     3.883070e-01     1.298149e+00     7.673462e+00    -1.335045e+01    -1.522772e+01    -1.583579e+01    -1.030605e+01     3.481355e+00
     2.504000e+03     6.566975e-01    -1.247272e+00     1.752280e+00    -1.728047e+00    -8.935982e-01     1.642263e+00    -9.829375e+00    -1.548418e+01    -1.613400e+01    -1.071731e+01    -1.134091e+00
     3.004000e+03    -6.253523e-01    -2.275451e+00    -1.483066e+00    -1.944829e+00    -1.555054e+00    -8.437681e-01    -8.461884e+00    -1.253934e+01    -1.487965e+01    -9.181055e+00    -1.902302e+00
     3.504000e+03    -1.441133e+00    -2.013503e+00    -3.373852e+00    -3.036567e-01    -1.818434e+00    -3.070604e+00    -1.218497e+01    -9.250358e+00    -1.249098e+01    -9.657233e+00    -2.217996e+00
     7.500000e+03    -1.926100e+00    -3.441900e+00    -5.914600e+00    -2.816800e+00    -1.392500e+00     6.999100e-02    -2.590700e+00    -5.268400e+00    -8.565500e+00    -9.143300e+00     4.260000e+00
     2.000000e+04     0.000000e+00     0.000000e+00     0.000000e+00     0.000000e+00     0.000000e+00     0.000000e+00     0.000000e+00     0.000000e+00     0.000000e+00     0.000000e+00     0.000000e+00
     9.000000e+06     0.000000e+00     0.000000e+00     0.000000e+00     0.000000e+00     0.000000e+00     0.000000e+00     0.000000e+00     0.000000e+00     0.000000e+00     0.000000e+00     0.000000e+00 
ktime  ! elong_ref.dat
 6
time[S] elong_ref
  0.     1.1
  3.5    1.1
  7.5    1.3100
  12     1.6700
  18     1.7200
  100    1.7700 
ktime  ! g1.dat
 2
time
  0.    0.
  6000.   0. 
ktime  ! g1_term.dat
 3
time
  0.              0.
  1.000000e+001  -10.
  3.000000e+001  -10. 
ktime  ! g2.dat
 2
time
  0      0.
  6000   0. 
ktime   ! g2_term.dat
  3
time
  0.              0.
  5.000000e+000   0.
  3.000000e+001   0. 
ktime  ! g3.dat
  6
time
  0.   770.5
  3.   775
  3.5  775
  7.5  803
  12.  820
  5000  820
ktime  ! g3_term.dat
 3
time
  0.             820
  5.000000e+000  810
  3.000000e+001  810 
ktime  ! g4.dat
  5
time
  0.    153.14
  3.5   153.14
  12    30.
  18    23.
  6000   23. 
ktime  ! g4_term.dat
 4
time
  0.             23.
  1.400000e+001  77.
  2.000000e+001  110.0000
  3.000000e+001  165.0000 
ktime  ! g5.dat
 5
time
  0.   264.3
  3.5  264.3
  12   100.
  18   59.
  3000 59. 
ktime   ! g5_term.dat
 4
time
  0.             59.
  1.400000e+001  200.0000
  2.000000e+001  252.0000
  3.000000e+001  373.0000 
ktime  ! g6.dat
  6
time
  0.   410.5
  3.5  410.5
  10   410.5
  12   417.0
  18   419.4
  6000 419.4 
ktime  ! g6_term.dat
  3
time
  0.             419.4000
  1.400000e+001  430.0000
  3.000000e+001  430.0000 
  VS1_max(V)    VS3_max(V)  CS3U_max(V)  CS2U_max(V)  CS1_max(V)  CS2L_max(V) CS3L_max(V)       PF1_max(V)  PF2_max(V) PF3_max(V) PF4_max(V) PF5_max(V) PF6_max(V)      Tu(s) ! control_data.dat
  6e3           575.        2.1e3 2.1e3 4.2e3 2.1e3 2.1e3   2.1e3 3.15e3 3.15e3 3.15e3 3.15e3 2.1e3     0.04
 c_cur_max      CS3U_max(kA)  CS2U_max(kA)  CS1_max(kA)  CS2L_max(kA) CS3L_max(kA)        PF1_max(kA)  PF2_max(kA) PF3_max(kA) PF4_max(kA) PF5_max(kA) PF6_max(kA)
  0.98        45.  45.  45.  45.  45.   48.  55.  55.  55.  52.  52.
CS3U CS2U CS1 CS2L CS3L PF1 PF2 PF3 PF4 PF5 PF6 VS3 Virt1 Virt2 Virt3 Virt4 Virt5 ! n_turn
554. 554. 554. 554. 554. 248.6 115.2 185.9 169.9 216.8 459.4 1 1 1 1 1 1  
 