 COILS number: npf  ! tokamak_config.dat
17
 CS3U
6 15 1 1
 1.68700000000000e+00  5.46400000000000e+00  7.40000000000000e-01  2.09300000000000e+00  1.57079632679490e+00   0.00000000000000e+00
 CS2U
6 15 1 2
 1.68700000000000e+00  3.27800000000000e+00  7.40000000000000e-01  2.09300000000000e+00  1.57079632679490e+00   0.00000000000000e+00
 CS1U
6 30 1 3
 1.68700000000000e+00  1.09200000000000e+00  7.40000000000000e-01  2.09300000000000e+00  1.57079632679490e+00   0.00000000000000e+00
 CS1L
6 30 1 3
 1.68700000000000e+00 -1.07200000000000e+00  7.40000000000000e-01  2.09300000000000e+00  1.57079632679490e+00   0.00000000000000e+00
 CS2L
6 15 1 4
 1.68700000000000e+00 -3.25800000000000e+00  7.40000000000000e-01  2.09300000000000e+00  1.57079632679490e+00   0.00000000000000e+00
 CS3L
6 15 1 5
 1.68700000000000e+00 -5.44400000000000e+00  7.40000000000000e-01  2.09300000000000e+00  1.57079632679490e+00   0.00000000000000e+00
 PF1
10 10 1 6
 3.94310000000000e+00  7.57370000000000e+00  9.59000000000000e-01  9.84100000000000e-01  1.57079632679490e+00   0.00000000000000e+00
 PF2
10 5 1 7
 8.28470000000000e+00  6.53980000000000e+00  5.80100000000000e-01  7.14600000000000e-01  1.57079632679490e+00   0.00000000000000e+00
 PF3
10 10 1 8
 1.19923000000000e+01  3.27520000000000e+00  6.96300000000000e-01  9.53800000000000e-01  1.57079632679490e+00   0.00000000000000e+00
 PF4
10 10 1 9
 1.19628000000000e+01 -2.23360000000000e+00  6.38200000000000e-01  9.53800000000000e-01  1.57079632679490e+00   0.00000000000000e+00
 PF5
10 10 1 10
 8.39100000000000e+00 -6.72650000000000e+00  8.12500000000000e-01  9.53800000000000e-01  1.57079632679490e+00   0.00000000000000e+00
 PF6
40 20 1 11
 4.33400000000000e+00 -7.46600000000000e+00  1.55900000000000e+00  1.10750000000000e+00  1.57079632679490e+00   0.00000000000000e+00
 VS3U
5 5 1 12
 5.82610000000000e+00  4.92490000000000e+00  1.32000270887987e-01  1.28085472751008e-01  2.68562538650627e+00   1.11483080504063e+00
 VS3L
5 5 -1 12
 7.52220000000000e+00 -2.49120000000000e+00  1.31999861877612e-01  1.28015829842255e-01  2.48246906157413e+00   9.11670989449986e-01
 TRI_SUPP
1 10 1 13
 7.21375000000000e+00 -2.89605000000000e+00  5.99999438431611e-02  9.40734376817870e-01  6.59085194772115e-01  -9.11711132022782e-01
 COPP_CLAD
1 10 1 14
 7.18950000000000e+00 -2.87495000000000e+00  3.00000797137214e-03  9.53215564568149e-01  6.59027598906799e-01  -9.11768727888098e-01
 INB_RAIL
1 10 1 15
 3.69860000000000e+00 -2.99525000000000e+00  8.00000000000000e-02  6.50900000000000e-01  1.57079632679490e+00   0.00000000000000e+00
 res_PF: npf
15
 0  
 0  
 0  
 0  
 0  
 0  
 0  
 0  
 0  
 0  
 0  
 0
 0.000642411  
 0.000426511e15  
 0.000401657  
 Vessel number:  ncam
100
 VES_1
1 5 1 1
 3.54890000000000e+00  2.88740500000000e-01  6.00000000000000e-02  5.21081000000000e-01  1.57079632679490e+00   3.14159265358979e+00
 VES_2
1 5 1 2
 3.54890000000000e+00  8.09820500000000e-01  6.00000000000000e-02  5.21079000000000e-01  1.57079632679490e+00   3.14159265358979e+00
 VES_3
1 5 1 3
 3.54890000000000e+00  1.33090000000000e+00  6.00000000000000e-02  5.21080000000000e-01  1.57079632679490e+00   3.14159265358979e+00
 VES_4
1 5 1 4
 3.54890000000000e+00  1.85198000000000e+00  6.00000000000000e-02  5.21080000000000e-01  1.57079632679490e+00   3.14159265358979e+00
 VES_5
1 5 1 5
 3.54890000000000e+00  2.37306500000000e+00  6.00000000000000e-02  5.21090000000000e-01  1.57079632679490e+00   3.14159265358979e+00
 VES_6
1 5 1 6
 3.54890000000000e+00  2.89415000000000e+00  6.00000000000000e-02  5.21080000000000e-01  1.57079632679490e+00   3.14159265358979e+00
 VES_7
1 5 1 7
 3.55189500000000e+00  3.41514000000000e+00  6.00000000000000e-02  5.20934439349137e-01  1.55929750553816e+00   3.13009383233305e+00
 VES_8
1 5 1 8
 3.61102500000000e+00  3.92864000000000e+00  6.00000000000000e-02  5.18403089207616e-01  1.35249771717773e+00   2.92329404397263e+00
 VES_9
1 5 1 9
 3.80092500000000e+00  4.40389000000000e+00  6.00000000000000e-02  5.18713467050933e-01  1.02890555379343e+00   2.59970188058832e+00
 VES_10
1 5 1 10
 4.13178000000000e+00  4.79439500000000e+00  6.00000000000000e-02  5.18347532549351e-01  7.06782761455878e-01   2.27757908825077e+00
 VES_11
1 5 1 11
 4.56846000000000e+00  5.06172500000000e+00  6.00000000000000e-02  5.18495202388604e-01  3.91927800219841e-01   1.96272412701474e+00
 VES_12
1 5 1 12
 5.06684000000000e+00  5.17790000000000e+00  6.00000000000000e-02  5.18715284525143e-01  6.61731907263431e-02   1.63696951752124e+00
 VES_13
1 5 1 13
 5.57649500000000e+00  5.13004500000000e+00  6.00000000000000e-02  5.18300678178217e-01  6.02963848696200e+00   7.60043481375690e+00
 VES_14
1 5 1 14
 6.05010500000000e+00  4.93106500000000e+00  6.00000000000000e-02  5.19863965475585e-01  5.74168376332377e+00   7.31248009011867e+00
 VES_15
1 5 1 15
 6.48723500000000e+00  4.64903500000000e+00  6.00000000000000e-02  5.21080459238302e-01  5.67879369561853e+00   7.24959002241343e+00
 VES_16
1 5 1 16
 6.91307000000000e+00  4.34887000000000e+00  6.00000000000000e-02  5.20955102096141e-01  5.65957973971924e+00   7.23037606651414e+00
 VES_17
1 5 1 17
 7.32118000000000e+00  4.02607000000000e+00  6.00000000000000e-02  5.20807955776407e-01  5.56836524231688e+00   7.13916156911177e+00
 VES_18
1 5 1 18
 7.69585000000000e+00  3.66530000000000e+00  6.00000000000000e-02  5.20837658008712e-01  5.46500799539722e+00   7.03580432219211e+00
 VES_19
1 5 1 19
 8.03122500000000e+00  3.26775000000000e+00  6.00000000000000e-02  5.20797634883263e-01  5.36130488677223e+00   6.93210121356713e+00
 VES_20
1 5 1 20
 8.32428500000000e+00  2.83802000000000e+00  6.00000000000000e-02  5.20817206416993e-01  5.26051059095022e+00   6.83130691774512e+00
 VES_21
1 5 1 21
 8.57176500000000e+00  2.38055500000000e+00  6.00000000000000e-02  5.20835015143951e-01  5.15605453627897e+00   6.72685086307386e+00
 VES_22
1 5 1 22
 8.77019000000000e+00  1.89982000000000e+00  6.00000000000000e-02  5.20735904273942e-01  5.05161768142020e+00   6.62241400821510e+00
 VES_23
1 5 1 23
 8.90775500000000e+00  1.39912500000000e+00  6.00000000000000e-02  5.20394207692591e-01  4.90937753064709e+00   6.48017385744199e+00
 VES_24
1 5 1 24
 8.97659500000000e+00  8.84139000000000e-01  6.00000000000000e-02  5.20875798116979e-01  4.78123133613638e+00   6.35202766293127e+00
 VES_25
1 5 1 25
 8.98814000000000e+00  3.63958000000000e-01  6.00000000000000e-02  5.20875825893274e-01  4.68792773653919e+00   6.25872406333409e+00
 VES_26
1 5 1 26
 8.94022000000000e+00 -1.53031000000000e-01  6.00000000000000e-02  5.19941712660179e-01  4.55187499359856e+00   6.12267132039345e+00
 VES_27
1 5 1 27
 8.80172000000000e+00 -6.51136500000000e-01  6.00000000000000e-02  5.20423683366735e-01  4.33060020731368e+00   5.90139653410858e+00
 VES_28
1 5 1 28
 8.59639000000000e+00 -1.12954150000000e+00  6.00000000000000e-02  5.21080947693351e-01  4.28336720077582e+00   5.85416352757072e+00
 VES_29
1 5 1 29
 8.37960000000000e+00 -1.60338500000000e+00  6.00000000000000e-02  5.21081357659242e-01  4.28324093664393e+00   5.85403726343882e+00
 VES_30
1 5 1 30
 8.16281000000000e+00 -2.07723000000000e+00  6.00000000000000e-02  5.21083675814164e-01  4.28336959567776e+00   5.85416592247265e+00
 VES_31
1 5 1 31
 7.94602000000000e+00 -2.55107500000000e+00  6.00000000000000e-02  5.21081357659243e-01  4.28324093664392e+00   5.85403726343882e+00
 VES_32
1 5 1 32
 7.72922500000000e+00 -3.02491500000000e+00  6.00000000000000e-02  5.21078742034253e-01  4.28334416087775e+00   5.85414048767265e+00
 VES_33
1 5 1 33
 7.51097500000000e+00 -3.49805500000000e+00  6.00000000000000e-02  5.21029152543310e-01  4.27704420412895e+00   5.84784053092384e+00
 VES_34
1 5 1 34
 7.26179000000000e+00 -3.95377500000000e+00  6.00000000000000e-02  5.19971181605289e-01  4.14684419971429e+00   5.71764052650918e+00
 VES_35
1 5 1 35
 6.94128000000000e+00 -4.35986000000000e+00  6.00000000000000e-02  5.20161176944223e-01  3.94164566685002e+00   5.51244199364491e+00
 VES_36
1 5 1 36
 6.54392000000000e+00 -4.69103500000000e+00  6.00000000000000e-02  5.20142991589813e-01  3.73113626050325e+00   5.30193258729814e+00
 VES_37
1 5 1 37
 6.08680500000000e+00 -4.93325500000000e+00  6.00000000000000e-02  5.19942818586813e-01  3.52655265221449e+00   5.09734897900939e+00
 VES_38
1 5 1 38
 5.59009500000000e+00 -5.07749000000000e+00  6.00000000000000e-02  5.19954718509218e-01  3.32185212108553e+00   4.89264844788043e+00
 VES_39
1 5 1 39
 5.07520000000000e+00 -5.10936000000000e+00  6.00000000000000e-02  5.19097773063996e-01  3.08477123948400e+00   4.65556756627890e+00
 VES_40
1 5 1 40
 4.57546500000000e+00 -4.99802500000000e+00  6.00000000000000e-02  5.18541647507700e-01  2.75982214519405e+00   4.33061847198894e+00
 VES_41
1 5 1 41
 4.13652500000000e+00 -4.73465000000000e+00  6.00000000000000e-02  5.18275373233188e-01  2.44240509823608e+00   4.01320142503097e+00
 VES_42
1 5 1 42
 3.80317000000000e+00 -4.34646000000000e+00  6.00000000000000e-02  5.18662851956837e-01  2.11840433369857e+00   3.68920066049346e+00
 VES_43
1 5 1 43
 3.61155500000000e+00 -3.87211500000000e+00  6.00000000000000e-02  5.18378657932596e-01  1.79092367166332e+00   3.36171999845822e+00
 VES_44
1 5 1 44
 3.55193000000000e+00 -3.35873500000000e+00  6.00000000000000e-02  5.20925249628006e-01  1.58242973618725e+00   3.15322606298214e+00
 VES_45
1 5 1 45
 3.54890000000000e+00 -2.83775000000000e+00  6.00000000000000e-02  5.21080000000000e-01  1.57079632679490e+00   3.14159265358979e+00
 VES_46
1 5 1 46
 3.54890000000000e+00 -2.31666500000000e+00  6.00000000000000e-02  5.21090000000000e-01  1.57079632679490e+00   3.14159265358979e+00
 VES_47
1 5 1 47
 3.54890000000000e+00 -1.79558000000000e+00  6.00000000000000e-02  5.21080000000000e-01  1.57079632679490e+00   3.14159265358979e+00
 VES_48
1 5 1 48
 3.54890000000000e+00 -1.27450000000000e+00  6.00000000000000e-02  5.21080000000000e-01  1.57079632679490e+00   3.14159265358979e+00
 VES_49
1 5 1 49
 3.54890000000000e+00 -7.53420500000000e-01  6.00000000000000e-02  5.21079000000000e-01  1.57079632679490e+00   3.14159265358979e+00
 VES_50
1 5 1 50
 3.54890000000000e+00 -2.32340500000000e-01  6.00000000000000e-02  5.21081000000000e-01  1.57079632679490e+00   3.14159265358979e+00
 VES_51
1 5 1 51
 6.49915500000000e+00  5.33848500000000e+00  6.00000000000000e-02  5.84114287618442e-01  5.82983556162743e+00   7.40063188842233e+00
 VES_52
1 5 1 52
 7.00985500000000e+00  5.05657000000000e+00  6.00000000000000e-02  5.84095680603786e-01  5.72775276648210e+00   7.29854909327699e+00
 VES_53
1 5 1 53
 7.48913500000000e+00  4.72406500000000e+00  6.00000000000000e-02  5.84080211101181e-01  5.62556580540849e+00   7.19636213220339e+00
 VES_54
1 5 1 54
 7.93197000000000e+00  4.34440500000000e+00  6.00000000000000e-02  5.84055559086633e-01  5.52332324676022e+00   7.09411957355512e+00
 VES_55
1 5 1 55
 8.33373500000000e+00  3.92154500000000e+00  6.00000000000000e-02  5.84047296886134e-01  5.42109882340349e+00   6.99189515019839e+00
 VES_56
1 5 1 56
 8.69028000000000e+00  3.45992500000000e+00  6.00000000000000e-02  5.84036976997176e-01  5.31901763034067e+00   6.88981395713556e+00
 VES_57
1 5 1 57
 8.99788500000000e+00  2.96435500000000e+00  6.00000000000000e-02  5.84040220019136e-01  5.21677671616840e+00   6.78757304296330e+00
 VES_58
1 5 1 58
 9.25332000000000e+00  2.43999000000000e+00  6.00000000000000e-02  5.84026849382800e-01  5.11460079646820e+00   6.68539712326310e+00
 VES_59
1 5 1 59
 9.45395000000000e+00  1.89231000000000e+00  6.00000000000000e-02  5.84039051091620e-01  5.01246902191270e+00   6.58326534870760e+00
 VES_60
1 5 1 60
 9.59737000000000e+00  1.32697500000000e+00  6.00000000000000e-02  5.84004531574884e-01  4.90920358424103e+00   6.47999991103593e+00
 VES_61
1 5 1 61
 9.67255000000000e+00  7.49351500000000e-01  6.00000000000000e-02  5.83638244882050e-01  4.77438487278085e+00   6.34518119957575e+00
 VES_62
1 5 1 62
 9.66289500000000e+00  1.67597000000000e-01  6.00000000000000e-02  5.83633982016126e-01  4.61720286424721e+00   6.18799919104211e+00
 VES_63
1 5 1 63
 9.56233500000000e+00 -4.05481500000000e-01  6.00000000000000e-02  5.83631218943093e-01  4.46016491042739e+00   6.03096123722228e+00
 VES_64
1 5 1 64
 9.37828500000000e+00 -9.58102000000000e-01  6.00000000000000e-02  5.84094246056233e-01  4.32167782475010e+00   5.89247415154500e+00
 VES_65
1 5 1 65
 9.14913500000000e+00 -1.49546000000000e+00  6.00000000000000e-02  5.84350196457570e-01  4.29692911946843e+00   5.86772544626333e+00
 VES_66
1 5 1 66
 8.91327000000000e+00 -2.03009000000000e+00  6.00000000000000e-02  5.84344007242309e-01  4.29686833311958e+00   5.86766465991447e+00
 VES_67
1 5 1 67
 8.67741000000000e+00 -2.56472000000000e+00  6.00000000000000e-02  5.84346160422057e-01  4.29694477681119e+00   5.86774110360609e+00
 VES_68
1 5 1 68
 8.44155000000000e+00 -3.09935500000000e+00  6.00000000000000e-02  5.84353156319019e-01  4.29687524103689e+00   5.86767156783179e+00
 VES_69
1 5 1 69
 8.20316500000000e+00 -3.63283000000000e+00  6.00000000000000e-02  5.84288092040219e-01  4.28743429733832e+00   5.85823062413321e+00
 VES_70
1 5 1 70
 7.92675500000000e+00 -4.14559500000000e+00  6.00000000000000e-02  5.83572128361182e-01  4.14845125284645e+00   5.71924757964134e+00
 VES_71
1 5 1 71
 7.57228500000000e+00 -4.60607500000000e+00  6.00000000000000e-02  5.83598322992793e-01  3.96424502134234e+00   5.53504134813724e+00
 VES_72
1 5 1 72
 7.13947000000000e+00 -4.99384500000000e+00  6.00000000000000e-02  5.83577405748372e-01  3.78005584897595e+00   5.35085217577085e+00
 VES_73
1 5 1 73
 6.64302000000000e+00 -5.29586000000000e+00  6.00000000000000e-02  5.83548160823081e-01  3.59619697754592e+00   5.16699330434082e+00
 VES_74
1 5 1 74
 6.09976500000000e+00 -5.50206500000000e+00  6.00000000000000e-02  5.83516616558604e-01  3.41253124779735e+00   4.98332757459224e+00
 VES_75
1 5 1 75
 5.52800500000000e+00 -5.60550000000000e+00  6.00000000000000e-02  5.83496832981980e-01  3.22859229295829e+00   4.79938861975319e+00
 VES_76
1 5 1 76
 4.94866500000000e+00 -5.59326500000000e+00  6.00000000000000e-02  5.82262604844240e-01  3.01213149992685e+00   4.58292782672175e+00
 VES_77
1 5 1 77
 4.39554000000000e+00 -5.43438500000000e+00  6.00000000000000e-02  5.81844315689344e-01  2.71152440742862e+00   4.28232073422351e+00
 VES_78
1 5 1 78
 3.91554000000000e+00 -5.11777000000000e+00  6.00000000000000e-02  5.81791465389446e-01  2.40543791101169e+00   3.97623423780658e+00
 VES_79
1 5 1 79
 3.55328500000000e+00 -4.67127000000000e+00  6.00000000000000e-02  5.81748679843797e-01  2.09935580904279e+00   3.67015213583769e+00
 VES_80
1 5 1 80
 3.34242500000000e+00 -4.13640500000000e+00  6.00000000000000e-02  5.81706489047526e-01  1.79327093876927e+00   3.36406726556416e+00
 VES_81
1 5 1 81
 3.27487500000000e+00 -3.56063500000000e+00  6.00000000000000e-02  5.84208996336072e-01  1.58235066819554e+00   3.15314699499044e+00
 VES_82
1 5 1 82
 3.27150000000000e+00 -2.97637500000000e+00  6.00000000000000e-02  5.84350000000000e-01  1.57079632679490e+00   3.14159265358979e+00
 VES_83
1 5 1 83
 3.27150000000000e+00 -2.39202500000000e+00  6.00000000000000e-02  5.84350000000000e-01  1.57079632679490e+00   3.14159265358979e+00
 VES_84
1 5 1 84
 3.27150000000000e+00 -1.80767500000000e+00  6.00000000000000e-02  5.84350000000000e-01  1.57079632679490e+00   3.14159265358979e+00
 VES_85
1 5 1 85
 3.27150000000000e+00 -1.22332650000000e+00  6.00000000000000e-02  5.84347000000000e-01  1.57079632679490e+00   3.14159265358979e+00
 VES_86
1 5 1 86
 3.27150000000000e+00 -6.38978500000000e-01  6.00000000000000e-02  5.84349000000000e-01  1.57079632679490e+00   3.14159265358979e+00
 VES_87
1 5 1 87
 3.27150000000000e+00 -5.46295000000000e-02  6.00000000000000e-02  5.84349000000000e-01  1.57079632679490e+00   3.14159265358979e+00
 VES_88
1 5 1 88
 3.27150000000000e+00  5.29719000000000e-01  6.00000000000000e-02  5.84348000000000e-01  1.57079632679490e+00   3.14159265358979e+00
 VES_89
1 5 1 89
 3.27150000000000e+00  1.11406650000000e+00  6.00000000000000e-02  5.84347000000000e-01  1.57079632679490e+00   3.14159265358979e+00
 VES_90
1 5 1 90
 3.27150000000000e+00  1.69841500000000e+00  6.00000000000000e-02  5.84350000000000e-01  1.57079632679490e+00   3.14159265358979e+00
 VES_91
1 5 1 91
 3.27150000000000e+00  2.28276500000000e+00  6.00000000000000e-02  5.84350000000000e-01  1.57079632679490e+00   3.14159265358979e+00
 VES_92
1 5 1 92
 3.27150000000000e+00  2.86711500000000e+00  6.00000000000000e-02  5.84350000000000e-01  1.57079632679490e+00   3.14159265358979e+00
 VES_93
1 5 1 93
 3.27150000000000e+00  3.45146500000000e+00  6.00000000000000e-02  5.84350000000000e-01  1.57079632679490e+00   3.14159265358979e+00
 VES_94
1 5 1 94
 3.31200000000000e+00  4.03188000000000e+00  6.00000000000000e-02  5.82142757749334e-01  1.43120227368719e+00   3.00199860048208e+00
 VES_95
1 5 1 95
 3.47922000000000e+00  4.58210000000000e+00  6.00000000000000e-02  5.82036008508064e-01  1.12027269530678e+00   2.69106902210168e+00
 VES_96
1 5 1 96
 3.80786500000000e+00  5.05361500000000e+00  6.00000000000000e-02  5.81991827605852e-01  8.03891169916466e-01   2.37468749671136e+00
 VES_97
1 5 1 97
 4.26638500000000e+00  5.40018000000000e+00  6.00000000000000e-02  5.81784203721620e-01  4.90501291871594e-01   2.06129761866649e+00
 VES_98
1 5 1 98
 4.80855000000000e+00  5.59467000000000e+00  6.00000000000000e-02  5.82586908538117e-01  1.98560299343779e-01   1.76935662613868e+00
 VES_99
1 5 1 99
 5.38523500000000e+00  5.63976500000000e+00  6.00000000000000e-02  5.82754962055236e-01  6.24073619886827e+00   7.81153252566317e+00
 VES_100
1 5 1 100
 5.95647500000000e+00  5.54690000000000e+00  6.00000000000000e-02  5.82924577025193e-01  6.00335398516016e+00   7.57415031195505e+00
 res_ves: ncam
100
  5.70567000000000e-04
  5.70567000000000e-04
  5.70567000000000e-04
  5.70567000000000e-04
  5.70567000000000e-04
  5.70567000000000e-04
  5.71210000000000e-04
  5.83548000000000e-04
  6.13878000000000e-04
  6.67778000000000e-04
  7.38154000000000e-04
  8.18316000000000e-04
  9.01366000000000e-04
  9.74980000000000e-04
  1.04297000000000e-03
  1.11169000000000e-03
  1.17768000000000e-03
  1.23787000000000e-03
  1.29189000000000e-03
  1.33902000000000e-03
  1.37875000000000e-03
  1.41094000000000e-03
  1.43402000000000e-03
  1.44377000000000e-03
  1.44562000000000e-03
  1.44050000000000e-03
  1.41687000000000e-03
  1.38207000000000e-03
  1.34721000000000e-03
  1.31236000000000e-03
  1.27751000000000e-03
  1.24265000000000e-03
  1.20768000000000e-03
  1.17000000000000e-03
  1.11794000000000e-03
  1.05398000000000e-03
  9.80737000000000e-04
  9.00701000000000e-04
  8.19073000000000e-04
  7.39199000000000e-04
  6.68651000000000e-04
  6.14299000000000e-04
  5.83668000000000e-04
  5.71220000000000e-04
  5.70567000000000e-04
  5.70567000000000e-04
  5.70567000000000e-04
  5.70567000000000e-04
  5.70567000000000e-04
  5.70567000000000e-04
  9.32133000000000e-04
  1.00541000000000e-03
  1.07419000000000e-03
  1.13774000000000e-03
  1.19539000000000e-03
  1.24655000000000e-03
  1.29068000000000e-03
  1.32733000000000e-03
  1.35610000000000e-03
  1.37675000000000e-03
  1.38841000000000e-03
  1.38703000000000e-03
  1.37260000000000e-03
  1.34512000000000e-03
  1.31168000000000e-03
  1.27786000000000e-03
  1.24405000000000e-03
  1.21023000000000e-03
  1.17617000000000e-03
  1.13794000000000e-03
  1.08700000000000e-03
  1.02490000000000e-03
  9.53693000000000e-04
  8.75747000000000e-04
  7.93696000000000e-04
  7.12010000000000e-04
  6.32878000000000e-04
  5.63825000000000e-04
  5.11699000000000e-04
  4.81372000000000e-04
  4.69613000000000e-04
  4.69022000000000e-04
  4.69022000000000e-04
  4.69022000000000e-04
  4.69022000000000e-04
  4.69022000000000e-04
  4.69022000000000e-04
  4.69022000000000e-04
  4.69022000000000e-04
  4.69022000000000e-04
  4.69022000000000e-04
  4.69022000000000e-04
  4.69022000000000e-04
  4.76624000000000e-04
  5.00784000000000e-04
  5.48123000000000e-04
  6.14352000000000e-04
  6.91471000000000e-04
  7.74175000000000e-04
  8.56041000000000e-04
 Loops number: kloop
24
   3.57306390000000e+00 -2.51446620000000e+00
   3.57306390000000e+00 -1.53380250000000e+00
   3.57306390000000e+00 -5.17077000000000e-01
   3.57306390000000e+00  4.94640100000000e-01
   3.57306390000000e+00  1.54141660000000e+00
   3.57306390000000e+00  2.55413530000000e+00
   3.57306390000000e+00  3.57086080000000e+00
   3.90326110000000e+00  4.55186780000000e+00
   5.01451050000000e+00  5.16811070000000e+00
   5.75475440000000e+00  5.06409670000000e+00
   7.27589500000000e+00  3.97174370000000e+00
   7.84184060000000e+00  3.39082280000000e+00
   8.33525500000000e+00  2.67583090000000e+00
   8.73309370000000e+00  1.78254570000000e+00
   8.96205870000000e+00  6.04858100000000e-01
   8.69332500000000e+00 -7.21984000000000e-01
   8.30096660000000e+00 -1.60323350000000e+00
   7.65706540000000e+00 -2.56941700000000e+00
   7.56827420000000e+00 -3.27204140000000e+00
   6.76782170000000e+00 -3.25836530000000e+00
   6.52736770000000e+00 -4.67576370000000e+00
   4.83512580000000e+00 -5.06815970000000e+00
   3.92929850000000e+00 -4.51956860000000e+00
   3.57309400000000e+00 -3.52993910000000e+00
 Probes number and devision: kprobe kpb
48 3
   4.09795000000000e+00 -3.40875000000000e+00  1.04719755119660e+00  1.00000000000000e-02
   4.09795000000000e+00 -3.40875000000000e+00 -5.23598775598299e-01  1.00000000000000e-02
   4.48882000000000e+00 -3.81775000000000e+00  4.62512251778497e-01  1.00000000000000e-02
   4.48882000000000e+00 -3.81775000000000e+00 -1.10828407501640e+00  1.00000000000000e-02
   4.90693000000000e+00 -3.87915000000000e+00 -4.92182849062401e-01  1.00000000000000e-02
   4.90693000000000e+00 -3.87915000000000e+00  1.07861347773250e+00  1.00000000000000e-02
   5.22306000000000e+00 -4.18517000000000e+00 -1.17286125734019e+00  1.00000000000000e-02
   5.22306000000000e+00 -4.18517000000000e+00  3.97935069454707e-01  1.00000000000000e-02
   5.80986000000000e+00 -4.30838000000000e+00  1.57079632679490e+00  1.00000000000000e-02
   5.80986000000000e+00 -4.30838000000000e+00  0.00000000000000e+00  1.00000000000000e-02
   5.86105000000000e+00 -3.78229000000000e+00  1.06465084371654e+00  1.00000000000000e-02
   5.86105000000000e+00 -3.78229000000000e+00 -5.06145483078356e-01  1.00000000000000e-02
   3.59673000000000e+00 -2.45577000000000e+00  1.57079632679490e+00  1.00000000000000e-02
   3.59673000000000e+00 -1.43904000000000e+00  1.57079632679490e+00  1.00000000000000e-02
   3.59612000000000e+00 -4.22320000000000e-01  1.57079632679490e+00  1.00000000000000e-02
   3.59631000000000e+00  5.94410000000000e-01  1.57079632679490e+00  1.00000000000000e-02
   3.59612000000000e+00  1.61114000000000e+00  1.57079632679490e+00  1.00000000000000e-02
   3.59622000000000e+00  2.62786000000000e+00  1.57079632679490e+00  1.00000000000000e-02
   3.59793000000000e+00  3.64493000000000e+00 -1.52943202352263e+00  1.00000000000000e-02
   4.91978000000000e+00  5.13248000000000e+00 -1.59523093632282e-01  1.00000000000000e-02
   6.11675000000000e+00  4.83333000000000e+00 -6.46469954938700e-01  1.00000000000000e-02
   6.82577000000000e+00  4.30920000000000e+00 -6.46469954938700e-01  1.00000000000000e-02
   7.76831000000000e+00  3.46096000000000e+00 -8.55211333477221e-01  1.00000000000000e-02
   8.28186000000000e+00  2.75238000000000e+00 -1.03236225255465e+00  1.00000000000000e-02
   8.76635000000000e+00  1.63496000000000e+00 -1.27740647953465e+00  1.00000000000000e-02
   8.94730000000000e+00  6.94940000000000e-01 -1.51250232977829e+00  1.00000000000000e-02
   8.81261000000000e+00 -3.76130000000000e-01 -1.26815623449908e+00  1.00000000000000e-02
   8.33489000000000e+00 -1.51895000000000e+00 -1.15523343189505e+00  1.00000000000000e-02
   7.85860000000000e+00 -2.59571000000000e+00 -1.15523343189505e+00  1.00000000000000e-02
   6.78910000000000e+00 -3.22511000000000e+00 -6.57290996301064e-01  1.00000000000000e-02
   6.47955000000000e+00 -4.68510000000000e+00 -5.74038790980935e-01  1.00000000000000e-02
   5.69336000000000e+00 -5.01850000000000e+00 -2.27765467385260e-01  1.00000000000000e-02
   4.83906000000000e+00 -5.04903000000000e+00 -2.02981792006941e-01  1.00000000000000e-02
   4.13029000000000e+00 -4.69879000000000e+00 -7.14886861616877e-01  1.00000000000000e-02
   3.68081000000000e+00 -4.04774000000000e+00 -1.22679193122681e+00  1.00000000000000e-02
   3.59273000000000e+00 -3.56928000000000e+00 -1.60587744475998e+00  1.00000000000000e-02
   3.92046000000000e+00  4.57709000000000e+00  0.00000000000000e+00  1.00000000000000e-02
   5.69330000000000e+00  5.08700000000000e+00 -6.33554518473942e-02  1.00000000000000e-02
   6.95899000000000e+00  4.29914000000000e+00 -6.77187749773800e-01  1.00000000000000e-02
   6.49147000000000e+00 -4.70008000000000e+00 -2.03854456632938e-01  1.00000000000000e-02
   5.69795000000000e+00 -5.03830000000000e+00 -1.23604217626238e+00  1.00000000000000e-02
   4.83769000000000e+00 -5.06747000000000e+00 -9.23279174305000e-01  1.00000000000000e-02
   6.49147000000000e+00 -4.70008000000000e+00 -9.96757535813962e-01  1.00000000000000e-02
   5.69795000000000e+00 -5.03830000000000e+00 -2.27765467385260e-01  1.00000000000000e-02
   4.83769000000000e+00 -5.06747000000000e+00 -1.36781453478796e+00  1.00000000000000e-02
   4.12044000000000e+00 -4.71301000000000e+00 -8.55909465178019e-01  1.00000000000000e-02
   3.66892000000000e+00 -4.05291000000000e+00 -3.44004395568082e-01  1.00000000000000e-02
   3.57231000000000e+00 -3.51991000000000e+00 -1.65806278939461e-02  1.00000000000000e-02
 Limiter number: n_limiter
56
   6.26610000000000e+00 -3.04340000000000e+00
   7.28240000000000e+00 -2.25440000000000e+00
   7.90020000000000e+00 -1.33720000000000e+00
   8.30570000000000e+00 -4.20000000000000e-01
   8.39380000000000e+00  6.35400000000000e-01
   8.26970000000000e+00  1.68470000000000e+00
   7.90620000000000e+00  2.46470000000000e+00
   7.40150000000000e+00  3.17960000000000e+00
   6.55240000000000e+00  3.92560000000000e+00
   5.75340000000000e+00  4.53440000000000e+00
   4.93540000000000e+00  4.71960000000000e+00
   4.32460000000000e+00  4.33710000000000e+00
   4.12530000000000e+00  3.58520000000000e+00
   4.10530000000000e+00  2.57190000000000e+00
   4.10530000000000e+00  1.55660000000000e+00
   4.10530000000000e+00  5.40200000000000e-01
   4.10530000000000e+00 -4.76100000000000e-01
   4.10530000000000e+00 -1.49140000000000e+00
   4.10530000000000e+00 -2.50370000000000e+00
   3.94210000000000e+00 -2.53570000000000e+00
   4.11460000000000e+00 -2.54620000000000e+00
   4.21410000000000e+00 -2.57740000000000e+00
   4.30530000000000e+00 -2.62790000000000e+00
   4.38440000000000e+00 -2.69580000000000e+00
   4.44830000000000e+00 -2.77810000000000e+00
   4.49430000000000e+00 -2.87160000000000e+00
   4.52050000000000e+00 -2.97250000000000e+00
   4.52600000000000e+00 -3.07660000000000e+00
   4.51040000000000e+00 -3.17960000000000e+00
   4.47450000000000e+00 -3.27750000000000e+00
   4.16240000000000e+00 -3.91750000000000e+00
   4.18820000000000e+00 -3.88260000000000e+00
   4.49150000000000e+00 -3.90650000000000e+00
   4.64530000000000e+00 -3.74320000000000e+00
   4.72790000000000e+00 -3.71690000000000e+00
   4.81390000000000e+00 -3.70640000000000e+00
   4.90040000000000e+00 -3.71200000000000e+00
   4.98430000000000e+00 -3.73350000000000e+00
   5.06280000000000e+00 -3.77020000000000e+00
   5.13320000000000e+00 -3.82090000000000e+00
   5.19290000000000e+00 -3.88360000000000e+00
   5.25260000000000e+00 -3.98240000000000e+00
   5.27230000000000e+00 -4.26080000000000e+00
   5.55660000000000e+00 -4.54500000000000e+00
   5.56420000000000e+00 -4.57430000000000e+00
   5.56420000000000e+00 -3.92350000000000e+00
   5.56920000000000e+00 -3.79330000000000e+00
   5.58920000000000e+00 -3.69620000000000e+00
   5.63730000000000e+00 -3.57510000000000e+00
   5.70840000000000e+00 -3.46690000000000e+00
   5.79950000000000e+00 -3.37480000000000e+00
   5.90760000000000e+00 -3.30270000000000e+00
   6.02780000000000e+00 -3.25360000000000e+00
   6.15490000000000e+00 -3.22960000000000e+00
   6.26510000000000e+00 -3.22860000000000e+00
   6.36320000000000e+00 -3.24460000000000e+00
 area - R(1) R(2) Z(1) Z(2)  
   3.00000000000000e+00  9.00000000000000e+00
  -6.00000000000000e+00  6.00000000000000e+00
  k_jetto  ! k_jetto.dat
  0
time_eq  ! time_eq.dat 
19.9276e3
shot     ! jetto_ids.dat
170
run
20
  kpr  ! kpr.dat 
  1
tay          rs0         key_t11        bt0  ! for002_kav
2.           620.        0              18.0
n_ga    !    gaps_data_ramp
6      
r coordinates
 422.30   556.50    828.06    750.95   533.15    405.99
z coordinates
-379.20   -440.40   46.65     299.71   458.04    77.77
 tt_dina    ! tran_times.dat 
 2.52e6   
 n_t ! pfres.dat
8
time CS3Ures CS2Ures CS1res CS2Lres CS3Lres PF1res PF2res PF3res PF4res PF5res PF6res VS3res TRI_SUPPres COPP_CLADres INB_RAILres
 0 7.69755e-07 6.84226e-07 1.73337e-06 6.15804e-07 1.02634e-06 4.36879e-06 0 0 0 0 2.30279e-06 1000 0.000642411 1000 0.000401657
 3 7.69755e-07 6.84226e-07 1.73337e-06 6.15804e-07 1.02634e-06 4.36879e-06 0 0 0 0 2.30279e-06 1000 0.000642411 1000 0.000401657
 3.002 0 0 3.90986e-07 0 0 0 0 0 0 0 0 1000 0.000642411 1000 0.000401657
 3.5 0 0 3.90986e-07 0 0 0 0 0 0 0 0 1000 0.000642411 1000 0.000401657
 3.502 0 0 3.90986e-07 0 0 0 0 0 0 0 0 0.00075 0.000642411 1000 0.000401657
 10 0 0 3.90986e-07 0 0 0 0 0 0 0 0 0.00075 0.000642411 1000 0.000401657
 10.002 0 0 0 0 0 0 0 0 0 0 0 0.00075 0.000642411 1000 0.000401657
 1e+06 0 0 0 0 0 0 0 0 0 0 0 0.00075 0.000642411 1000 0.000401657 
 Time_points  ! ech.dat
    7
 Time[s]  Power_Ech[MW]
-1.e-8    0.
 5.e-3    0.
 1099.e-3 0.
 1100.e-3 1.
 1600.e-3 1.
 1601.e-3 0.
 1000.e-2 0.
Time_points   ! n_d.dat
  7     
 Time[s]  Density[19]
  -0.01e0       1.e-3
   0.e-5        1.e-3
   1.1		0.16
   3.5		0.42
   8.2		0.5
   12.05   	0.605
   4000.		0.605
 Time_points  Z_Be(Ip<1.5MA)  ! gamma_z.dat
   5     4
 Time[ms]  Content
  -0.01e0      1.00e-8
   0.e-5       1.00e-8
    1100.      1.00e-8
    1600.	0.03
    4000.	0.04
 Time_points  Z_W  !gamma_z2.dat
  8     74
 Time[ms]  Content 
  -0.01e0   2.00e-6
  0.e-5     2.00e-6
  1000.e-0  2.00e-6
  1500.e-0  2.00e-6
  5000.e-0  2.00e-6
  15000.e-0 3.000e-5
  30000.e0  3.000e-5
  30000.e3  3.000e-5
  1.e-3     p    ! init.dat      
  2.e-3     T_e                   
  2.e-3     T_i                                
  5.e-2     gam=Ne/N0_initial_(N0=4.8*p)       
  50.       g_gain__neutrals_paffing_speed_gain 
 Time points ! emo.dat
14
 Time[s]  Power_El[MW]  Power_Ion[MW]
  0.000000e+000    0.0000    0.0000
  1.600000e+000    0.0000    0.0000
  3.500000e+000    0.0000    0.0000
  4.610000e+000    0.0000    0.0000
  7.820000e+000    0.0000    0.0000
  1.138000e+001    0.0000    0.0000
  1.210000e+001    0.0000    0.0000
  1.401400e+001    0.0000    0.0000
  1.467400e+001    0.0000    0.0000
  5.031400e+001    0.0000    0.0000
  5.038000e+001   0.0000    0.0000
  5.999000e+002   0.0000    0.0000
  6.289000e+002   0.0000    0.0000
  6.289000e+003   0.0000    0.0000
 Time points  ! dens.dat
6
 Time[s]  Density[19]
  0.000000e+000    0.0
  1.500000e+000    0.0
  3.500000e+000    0.0
  8.200000e+000    0.0
  1.205000e+001    0.0
  5.012000e+003   0.0
 Time_points  Z_Be(Ip>1.5MA)  ! gamma_z1.dat
  9     4
Time[ms]  Content
  -0.01e0   2.00e-2
  0.e-5     2.00e-2
  3500.e-0  2.00e-2
  4000.e-0  7.00e-2
  10000.e-0  7.00e-2
  20000.e0  2.00e-2
  50000.e0  2.0e-3
  80000.e0  2.0e-3
  80000.e3  2.0e-3
 Time_points  Z_Ar ! gamma_z3.dat
  6     18
Time[ms]  Content 
  -0.01e0   1.00e-15
  0.e-5     1.00e-15
  1000.e-0  1.00e-15
  1500.e-0  1.00e-15
  2600.e-0  1.00e-15
  10000.e3  1.00e-15
 Time_points  Z_Ne  ! gamma_z4.dat
  8     10
Time[ms]  Content 
  -0.01e0   1.00e-15
  0.e-5     1.00e-15
  1000.e-0  1.00e-15
  1500.e-0  2.00e-15
  2600.e-0  4.00e-15
  75000.e-0  4.00e-15
  25000.e-0  2.0e-15
  10000.e3  2.0e-15
 Bohm/gyroBohm L-mode	 !bohm_gbohm.dat
0 			
tay_simul,ms	! tay_simul.dat	
10.		
tay_dw		!   dw.dat
   5.			
pcchp_end  !  pcchp_end.dat
 0.4
k_ener_ext k_dens_ext k_ajb_ext ! transp_ext 
0          1          0


