  4   3              
  3.00e-02  2.00e-01  2.00e-00  2.00e+01  1.00e+02  0.00e+02 
-1.203248e+01 3.253908e+01 6.790773e+01 6.529924e+01 2.973465e+01 5.271279e+00
-1.830482e+01-3.319243e-03-3.332313e+00-1.112798e+01 1.053073e-01 9.448907e+00
-1.697678e+01-9.495470e+00 1.109362e+01 4.045904e-02-6.521934e+00 2.654915e-00
-2.864081e+01 2.999289e+01-3.726082e+01 2.258060e+01-6.716598e+00 7.911687e-01
 0.000000e+00 0.000000e+00 0.000000e+00 0.000000e+00 0.000000e+00 0.000000e+00
 1.032411e+01-6.184296e+01-1.600052e+02-1.564106e+02-7.153975e+01-1.267768e+01
 1.929729e+01 1.590131e+01 4.115131e+01-2.440034e+01-2.109272e+02-1.651743e+02
 1.746326e+01 4.985335e+01-1.125172e+02 1.169296e+02-5.367584e+01 8.534334e+00
-8.434801e+01 3.265640e+02-3.836858e+02 2.261836e+02-6.665651e+01 7.841199e+00
 0.000000e+00 0.000000e+00 0.000000e+00 0.000000e+00 0.000000e+00 0.000000e+00
 5.684270e+02 3.333879e+02-1.011411e+03-1.504321e+03-7.744282e+02-1.418581e+02
 3.751799e+02 6.537412e+02 1.820442e+03-7.303191e+02-8.668484e+03-7.228750e+03
 2.456799e+02 2.515950e+03-5.659594e+03 5.820426e+03-2.609690e+03 3.946589e+02
-5.465603e+02 3.217438e+03-3.283618e+03 1.738274e+03-4.714497e+02 5.196114e+01
 0.000000e+00 0.000000e+00 0.000000e+00 0.000000e+00 0.000000e+00 0.000000e+00
c-28   
