     27    18
          .78700E+01  .16200E+02  .30700E+02  .54800E+02  .75000E+02
          .99000E+02  .12500E+03  .15100E+03  .23500E+03  .26200E+03
          .29000E+03  .33100E+03  .36100E+03  .39200E+03  .45700E+03
          .49000E+03  .12650E+04  .13580E+04  .14560E+04  .15820E+04
          .16890E+04  .17990E+04  .19500E+04  .20450E+04  .88280E+04
          .92780E+04  .00000E+00
         -.50000E+00 -.25000E+00  .00000E+00  .25000E+00  .50000E+00
          .75000E+00  .10000E+01  .12500E+01  .15000E+01  .17500E+01
          .20000E+01  .22500E+01  .25000E+01  .27500E+01  .30000E+01
          .35000E+01  .40000E+01  .50000E+01
         -.10344E+02 -.54800E+01 -.26770E+01 -.10350E+01 -.48000E-01
          .56300E+00  .95300E+00  .12070E+01  .13710E+01  .14690E+01
          .15180E+01  .15280E+01  .15090E+01  .14700E+01  .14170E+01
          .12810E+01  .11200E+01  .75700E+00
          .21375E+02  .15618E+02  .81587E+01  .50875E+01  .30391E+01
          .19319E+01  .12453E+01  .81494E+00  .51094E+00  .28530E+00
          .11184E+00 -.24682E-01 -.12112E+00 -.18685E+00 -.23547E+00
         -.30147E+00 -.34065E+00 -.37418E+00
         -.30000E+02 -.30000E+02 -.30000E+02 -.30000E+02 -.30000E+02
         -.30000E+02 -.30000E+02 -.30000E+02 -.30000E+02 -.30000E+02
         -.30000E+02 -.30000E+02 -.30000E+02 -.30000E+02 -.30000E+02
         -.30000E+02 -.30000E+02 -.30000E+02
          .00000E+00  .00000E+00  .00000E+00  .00000E+00  .00000E+00
          .00000E+00  .00000E+00  .00000E+00  .00000E+00  .00000E+00
          .00000E+00  .00000E+00  .00000E+00  .00000E+00  .00000E+00
          .00000E+00  .00000E+00  .00000E+00
         -.68001E+01 -.25091E+01 -.12612E+00  .11849E+01  .19039E+01
          .23009E+01  .25289E+01  .26639E+01  .27469E+01  .27979E+01
          .28219E+01  .28239E+01  .28059E+01  .27699E+01  .27199E+01
          .25909E+01  .24349E+01  .20779E+01
          .18941E+02  .13610E+02  .67060E+01  .38938E+01  .20788E+01
          .11830E+01  .68913E+00  .41646E+00  .26103E+00  .14740E+00
          .49353E-01 -.32816E-01 -.11009E+00 -.17482E+00 -.22262E+00
         -.28866E+00 -.33276E+00 -.36912E+00
         -.22452E+02 -.12572E+02 -.69320E+01 -.36770E+01 -.17730E+01
         -.63500E+00  .66000E-01  .50900E+00  .79400E+00  .97200E+00
          .10730E+01  .11200E+01  .11270E+01  .11070E+01  .10680E+01
          .95200E+00  .80400E+00  .45600E+00
          .43470E+02  .31621E+02  .16288E+02  .99670E+01  .57518E+01
          .35297E+01  .21972E+01  .14093E+01  .90152E+00  .54062E+00
          .28401E+00  .99325E-01 -.33314E-01 -.12207E+00 -.18640E+00
         -.26944E+00 -.31984E+00 -.36208E+00
         -.45060E+01 -.46880E+01 -.48820E+01 -.49460E+01 -.43210E+01
         -.38540E+01 -.37080E+01 -.37650E+01 -.39440E+01 -.41940E+01
         -.44860E+01 -.48020E+01 -.51310E+01 -.54680E+01 -.58100E+01
         -.65000E+01 -.71950E+01 -.85910E+01
         -.73257E+00 -.71887E+00 -.90397E+00  .12387E+01  .26810E+01
          .11411E+01  .11038E+00 -.51468E+00 -.88365E+00 -.10987E+01
         -.12256E+01 -.12951E+01 -.13342E+01 -.13600E+01 -.13737E+01
         -.13858E+01 -.13932E+01 -.13974E+01
         -.48821E+01 -.48041E+01 -.29781E+01 -.48912E+00  .90788E+00
          .16919E+01  .21419E+01  .24059E+01  .25679E+01  .26689E+01
          .27279E+01  .27529E+01  .27519E+01  .27279E+01  .26879E+01
          .25719E+01  .24249E+01  .20789E+01
         -.12981E+01  .35322E+01  .10017E+02  .81786E+01  .39004E+01
          .23919E+01  .13399E+01  .81633E+00  .50676E+00  .31264E+00
          .16268E+00  .44626E-01 -.53189E-01 -.13187E+00 -.18733E+00
         -.26828E+00 -.31753E+00 -.36023E+00
         -.35560E+02 -.23997E+02 -.13492E+02 -.75280E+01 -.41150E+01
         -.21370E+01 -.96800E+00 -.25800E+00  .18700E+00  .47000E+00
          .64700E+00  .74600E+00  .79200E+00  .79800E+00  .77900E+00
          .68800E+00  .55500E+00  .22400E+00
          .46250E+02  .46250E+02  .33559E+02  .17141E+02  .10403E+02
          .59407E+01  .35984E+01  .22137E+01  .14070E+01  .89451E+00
          .53500E+00  .27750E+00  .94997E-01 -.33490E-01 -.11704E+00
         -.23279E+00 -.29580E+00 -.34860E+00
         -.38500E+01 -.40080E+01 -.41780E+01 -.43610E+01 -.42940E+01
         -.34700E+01 -.29870E+01 -.28580E+01 -.29390E+01 -.31410E+01
         -.34100E+01 -.37180E+01 -.40490E+01 -.43920E+01 -.47420E+01
         -.54550E+01 -.61750E+01 -.76260E+01
         -.62507E+00 -.64586E+00 -.72748E+00 -.68020E+00  .20563E+01
          .31470E+01  .10397E+01  .38295E-01 -.61685E+00 -.96689E+00
         -.11676E+01 -.12868E+01 -.13533E+01 -.13879E+01 -.14111E+01
         -.14356E+01 -.14446E+01 -.14542E+01
         -.42161E+01 -.41261E+01 -.40461E+01 -.31601E+01 -.63712E+00
          .85788E+00  .16959E+01  .21569E+01  .24139E+01  .25629E+01
          .26529E+01  .27029E+01  .27199E+01  .27109E+01  .26819E+01
          .25819E+01  .24449E+01  .21099E+01
          .45817E+00  .16367E+00  .92717E+00  .77197E+01  .91022E+01
          .40875E+01  .25439E+01  .13248E+01  .77298E+00  .45532E+00
          .27375E+00  .12969E+00  .11482E-01 -.79620E-01 -.14900E+00
         -.24275E+00 -.30200E+00 -.35150E+00
         -.47457E+02 -.35857E+02 -.24257E+02 -.13719E+02 -.77420E+01
         -.43310E+01 -.23670E+01 -.12180E+01 -.52600E+00 -.94000E-01
          .17900E+00  .34300E+00  .43200E+00  .47000E+00  .47200E+00
          .40900E+00  .29200E+00 -.22000E-01
          .46400E+02  .46400E+02  .46400E+02  .33655E+02  .17158E+02
          .10369E+02  .58672E+01  .35184E+01  .21511E+01  .13652E+01
          .84804E+00  .48662E+00  .24150E+00  .71396E-01 -.47082E-01
         -.19030E+00 -.27171E+00 -.33515E+00
         -.34640E+01 -.36080E+01 -.37620E+01 -.39270E+01 -.41000E+01
         -.39170E+01 -.31490E+01 -.27380E+01 -.26510E+01 -.27590E+01
         -.29790E+01 -.32630E+01 -.35830E+01 -.39240E+01 -.42760E+01
         -.49990E+01 -.57310E+01 -.72050E+01
         -.56413E+00 -.59973E+00 -.61295E+00 -.77649E+00 -.33710E+00
          .22449E+01  .27695E+01  .82500E+00 -.93521E-01 -.70292E+00
         -.10308E+01 -.12218E+01 -.13299E+01 -.13904E+01 -.14243E+01
         -.14593E+01 -.14684E+01 -.14768E+01
         -.38251E+01 -.37241E+01 -.36311E+01 -.35401E+01 -.17701E+01
          .18888E+00  .12829E+01  .18899E+01  .22269E+01  .24209E+01
          .25379E+01  .26069E+01  .26389E+01  .26409E+01  .26209E+01
          .25329E+01  .24039E+01  .20769E+01
          .29085E+00  .63030E+00 -.48407E+00  .35140E+01  .87602E+01
          .61933E+01  .31026E+01  .18083E+01  .99218E+00  .59497E+00
          .35992E+00  .19733E+00  .62764E-01 -.40385E-01 -.11722E+00
         -.22389E+00 -.28922E+00 -.34589E+00
         -.45725E+02 -.36774E+02 -.27822E+02 -.18870E+02 -.10736E+02
         -.61150E+01 -.34750E+01 -.19520E+01 -.10530E+01 -.50200E+00
         -.15700E+00  .53000E-01  .17200E+00  .23100E+00  .24800E+00
          .20500E+00  .10000E+00 -.20200E+00
          .35807E+02  .35807E+02  .35807E+02  .35807E+02  .25994E+02
          .13277E+02  .80285E+01  .45644E+01  .27777E+01  .17247E+01
          .10756E+01  .63304E+00  .34028E+00  .14184E+00  .43425E-02
         -.15974E+00 -.25337E+00 -.32632E+00
         -.31850E+01 -.33230E+01 -.34660E+01 -.36190E+01 -.37810E+01
         -.37700E+01 -.31700E+01 -.26930E+01 -.25270E+01 -.25800E+01
         -.27680E+01 -.30340E+01 -.33450E+01 -.36820E+01 -.40330E+01
         -.47560E+01 -.54900E+01 -.69670E+01
         -.54859E+00 -.55883E+00 -.58810E+00 -.64076E+00 -.62885E+00
          .13441E+01  .25843E+01  .12428E+01  .16050E+00 -.52881E+00
         -.93725E+00 -.11702E+01 -.13060E+01 -.13818E+01 -.14228E+01
         -.14616E+01 -.14728E+01 -.14791E+01
         -.35481E+01 -.34391E+01 -.33371E+01 -.32421E+01 -.20281E+01
          .41880E-01  .11929E+01  .18229E+01  .21689E+01  .23649E+01
          .24799E+01  .25489E+01  .25829E+01  .25889E+01  .25719E+01
          .24889E+01  .23629E+01  .20409E+01
          .37744E+00  .55312E+00 -.57933E-01  .20426E+01  .75955E+01
          .69834E+01  .31231E+01  .18964E+01  .10034E+01  .59387E+00
          .35310E+00  .20175E+00  .75893E-01 -.25325E-01 -.10659E+00
         -.21579E+00 -.28426E+00 -.34087E+00
         -.60435E+02 -.48655E+02 -.36875E+02 -.25095E+02 -.14394E+02
         -.83280E+01 -.48730E+01 -.28850E+01 -.17090E+01 -.98200E+00
         -.52500E+00 -.24500E+00 -.81000E-01  .70000E-02  .42000E-01
          .20000E-01 -.73000E-01 -.36400E+00
          .47120E+02  .47120E+02  .47120E+02  .47120E+02  .34172E+02
          .17398E+02  .10490E+02  .59572E+01  .36489E+01  .22831E+01
          .14267E+01  .85425E+00  .48434E+00  .23240E+00  .62066E-01
         -.12919E+00 -.23529E+00 -.31885E+00
         -.29830E+01 -.31170E+01 -.32550E+01 -.34010E+01 -.35550E+01
         -.35980E+01 -.31330E+01 -.26940E+01 -.24960E+01 -.25090E+01
         -.26670E+01 -.29150E+01 -.32150E+01 -.35450E+01 -.38920E+01
         -.46120E+01 -.53440E+01 -.68190E+01
         -.53387E+00 -.54025E+00 -.56912E+00 -.59127E+00 -.66582E+00
          .89053E+00  .21677E+01  .12867E+01  .32948E+00 -.38463E+00
         -.84297E+00 -.11155E+01 -.12710E+01 -.13603E+01 -.14116E+01
         -.14578E+01 -.14693E+01 -.14779E+01
         -.33451E+01 -.32311E+01 -.31231E+01 -.30231E+01 -.23391E+01
         -.16312E+00  .10889E+01  .17619E+01  .21209E+01  .23149E+01
          .24269E+01  .24929E+01  .25279E+01  .25359E+01  .25219E+01
          .24439E+01  .23209E+01  .20019E+01
          .45031E+00  .46737E+00  .34420E+00  .65183E+00  .64565E+01
          .78423E+01  .33105E+01  .20159E+01  .10099E+01  .58065E+00
          .33953E+00  .19724E+00  .83522E-01 -.15325E-01 -.94223E-01
         -.20801E+00 -.27972E+00 -.33864E+00
         -.51928E+02 -.43531E+02 -.35134E+02 -.26738E+02 -.18341E+02
         -.10711E+02 -.63730E+01 -.38780E+01 -.23890E+01 -.14590E+01
         -.87600E+00 -.52000E+00 -.31000E+00 -.19500E+00 -.14100E+00
         -.14300E+00 -.22600E+00 -.50700E+00
          .33587E+02  .33587E+02  .33587E+02  .33587E+02  .33587E+02
          .24387E+02  .12482E+02  .76807E+01  .46029E+01  .29356E+01
          .18107E+01  .10897E+01  .62251E+00  .32024E+00  .12452E+00
         -.10362E+00 -.22005E+00 -.31148E+00
         -.28170E+01 -.29480E+01 -.30830E+01 -.32240E+01 -.33720E+01
         -.34250E+01 -.29990E+01 -.26220E+01 -.24640E+01 -.24780E+01
         -.26250E+01 -.28620E+01 -.31540E+01 -.34790E+01 -.38230E+01
         -.45370E+01 -.52650E+01 -.67330E+01
         -.52159E+00 -.52883E+00 -.55510E+00 -.56277E+00 -.66181E+00
          .79800E+00  .19458E+01  .10547E+01  .25528E+00 -.34785E+00
         -.79587E+00 -.10767E+01 -.12454E+01 -.13456E+01 -.14003E+01
         -.14473E+01 -.14624E+01 -.14708E+01
         -.31791E+01 -.30621E+01 -.29501E+01 -.28451E+01 -.24221E+01
         -.27612E+00  .10399E+01  .17419E+01  .21079E+01  .22949E+01
          .23949E+01  .24519E+01  .24829E+01  .24899E+01  .24759E+01
          .23999E+01  .22779E+01  .19619E+01
          .48620E+00  .43160E+00  .53539E+00  .30854E-01  .56772E+01
          .80883E+01  .35134E+01  .20740E+01  .10065E+01  .53583E+00
          .29413E+00  .17165E+00  .75270E-01 -.16728E-01 -.92357E-01
         -.20440E+00 -.27804E+00 -.33498E+00
         -.62854E+02 -.52734E+02 -.42615E+02 -.32495E+02 -.22375E+02
         -.13181E+02 -.79600E+01 -.49450E+01 -.31050E+01 -.19400E+01
         -.12180E+01 -.78300E+00 -.52700E+00 -.38400E+00 -.31200E+00
         -.29500E+00 -.36800E+00 -.64100E+00
          .40479E+02  .40479E+02  .40479E+02  .40479E+02  .40479E+02
          .29369E+02  .15023E+02  .93703E+01  .57558E+01  .36663E+01
          .22228E+01  .13265E+01  .76318E+00  .40876E+00  .18176E+00
         -.78110E-01 -.20532E+00 -.30684E+00
         -.26770E+01 -.28070E+01 -.29390E+01 -.30770E+01 -.32200E+01
         -.32730E+01 -.28490E+01 -.25000E+01 -.23970E+01 -.24530E+01
         -.26190E+01 -.28620E+01 -.31560E+01 -.34790E+01 -.38210E+01
         -.45290E+01 -.52510E+01 -.67060E+01
         -.52000E+00 -.52000E+00 -.54402E+00 -.54395E+00 -.65221E+00
          .80077E+00  .19011E+01  .87073E+00  .39956E-01 -.46655E+00
         -.83774E+00 -.10905E+01 -.12444E+01 -.13360E+01 -.13916E+01
         -.14345E+01 -.14505E+01 -.14573E+01
         -.30391E+01 -.29201E+01 -.28061E+01 -.26971E+01 -.24071E+01
         -.36712E+00  .98788E+00  .17109E+01  .20839E+01  .22669E+01
          .23579E+01  .24059E+01  .24319E+01  .24369E+01  .24229E+01
          .23489E+01  .22289E+01  .19149E+01
          .50505E+00  .41790E+00  .61934E+00 -.21925E+00  .50457E+01
          .79966E+01  .37081E+01  .21072E+01  .10151E+01  .50442E+00
          .25525E+00  .14259E+00  .62375E-01 -.20093E-01 -.90003E-01
         -.19980E+00 -.27480E+00 -.33360E+00
         -.63625E+02 -.54754E+02 -.45882E+02 -.37011E+02 -.28139E+02
         -.19268E+02 -.11205E+02 -.66140E+01 -.39780E+01 -.24500E+01
         -.15590E+01 -.10370E+01 -.73100E+00 -.55400E+00 -.45700E+00
         -.40400E+00 -.45700E+00 -.71000E+00
          .35486E+02  .35486E+02  .35486E+02  .35486E+02  .35486E+02
          .35486E+02  .25785E+02  .13224E+02  .80433E+01  .45707E+01
          .27019E+01  .15776E+01  .92374E+00  .52345E+00  .27045E+00
         -.23599E-01 -.17606E+00 -.29147E+00
         -.25570E+01 -.26860E+01 -.28170E+01 -.29520E+01 -.30920E+01
         -.31400E+01 -.27110E+01 -.23690E+01 -.22690E+01 -.22390E+01
         -.22640E+01 -.23950E+01 -.26180E+01 -.29030E+01 -.32250E+01
         -.39240E+01 -.46530E+01 -.61310E+01
         -.51540E+00 -.51720E+00 -.53579E+00 -.53165E+00 -.63762E+00
          .82612E+00  .19051E+01  .80536E+00  .17744E+00  .44878E-01
         -.29695E+00 -.72907E+00 -.10348E+01 -.12279E+01 -.13377E+01
         -.14401E+01 -.14700E+01 -.14820E+01
         -.29191E+01 -.27991E+01 -.26821E+01 -.25701E+01 -.23421E+01
         -.40712E+00  .97288E+00  .17099E+01  .20889E+01  .22799E+01
          .23819E+01  .24419E+01  .24759E+01  .24909E+01  .24899E+01
          .24449E+01  .23499E+01  .20629E+01
          .51029E+00  .41942E+00  .65602E+00 -.29550E+00  .46060E+01
          .78275E+01  .38639E+01  .21209E+01  .10444E+01  .54164E+00
          .30508E+00  .18203E+00  .94785E-01  .26827E-01 -.34092E-01
         -.14310E+00 -.23351E+00 -.31375E+00
         -.70922E+02 -.61043E+02 -.51164E+02 -.41284E+02 -.31405E+02
         -.21526E+02 -.12548E+02 -.74400E+01 -.45090E+01 -.28120E+01
         -.18240E+01 -.12450E+01 -.90500E+00 -.70600E+00 -.59400E+00
         -.52300E+00 -.56700E+00 -.81100E+00
          .39517E+02  .39517E+02  .39517E+02  .39517E+02  .39517E+02
          .39517E+02  .28702E+02  .14707E+02  .89395E+01  .50712E+01
          .29956E+01  .17505E+01  .10306E+01  .59526E+00  .32039E+00
          .11429E-02 -.16296E+00 -.28452E+00
         -.24200E+01 -.25480E+01 -.26780E+01 -.28100E+01 -.29470E+01
         -.30580E+01 -.27950E+01 -.24190E+01 -.22780E+01 -.22330E+01
         -.22490E+01 -.23700E+01 -.25860E+01 -.28660E+01 -.31850E+01
         -.38800E+01 -.46050E+01 -.60800E+01
         -.51133E+00 -.51335E+00 -.53127E+00 -.50555E+00 -.67451E+00
          .22759E+00  .15882E+01  .10878E+01  .26465E+00  .85606E-01
         -.25907E+00 -.69331E+00 -.10117E+01 -.12120E+01 -.13283E+01
         -.14321E+01 -.14633E+01 -.14808E+01
         -.27911E+01 -.26701E+01 -.25511E+01 -.24361E+01 -.23161E+01
         -.96312E+00  .62188E+00  .14839E+01  .19319E+01  .21589E+01
          .22769E+01  .23459E+01  .23849E+01  .24049E+01  .24099E+01
          .23739E+01  .22859E+01  .20069E+01
          .50782E+00  .43635E+00  .62677E+00 -.13545E+00  .27350E+01
          .68714E+01  .50354E+01  .23510E+01  .12806E+01  .62677E+00
          .35237E+00  .20774E+00  .11265E+00  .49650E-01 -.11253E-01
         -.12778E+00 -.22163E+00 -.30769E+00
         -.78493E+02 -.67569E+02 -.56645E+02 -.45721E+02 -.34797E+02
         -.23873E+02 -.13946E+02 -.83000E+01 -.50610E+01 -.31890E+01
         -.20990E+01 -.14620E+01 -.10860E+01 -.86400E+00 -.73600E+00
         -.64500E+00 -.67900E+00 -.91400E+00
          .43696E+02  .43696E+02  .43696E+02  .43696E+02  .43696E+02
          .43696E+02  .31731E+02  .16254E+02  .98712E+01  .55930E+01
          .33008E+01  .19277E+01  .11445E+01  .67017E+00  .37477E+00
          .29012E-01 -.14882E+00 -.27809E+00
         -.23300E+01 -.24570E+01 -.25860E+01 -.27170E+01 -.28530E+01
         -.29480E+01 -.26700E+01 -.23350E+01 -.22330E+01 -.22250E+01
         -.22540E+01 -.23730E+01 -.25850E+01 -.28610E+01 -.31770E+01
         -.38690E+01 -.45930E+01 -.60650E+01
         -.50709E+00 -.50981E+00 -.52566E+00 -.50755E+00 -.64813E+00
          .32806E+00  .15319E+01  .90033E+00  .11079E+00 -.23471E-01
         -.26890E+00 -.67692E+00 -.99540E+00 -.11975E+01 -.13187E+01
         -.14290E+01 -.14615E+01 -.14773E+01
         -.27001E+01 -.25781E+01 -.24581E+01 -.23421E+01 -.22131E+01
         -.82512E+00  .67188E+00  .14849E+01  .19039E+01  .21119E+01
          .22149E+01  .22729E+01  .23059E+01  .23249E+01  .23309E+01
          .23029E+01  .22199E+01  .19489E+01
          .51247E+00  .43905E+00  .63533E+00 -.14837E+00  .28981E+01
          .67598E+01  .46827E+01  .22296E+01  .11830E+01  .56249E+00
          .29908E+00  .17321E+00  .10007E+00  .50506E-01 -.20938E-02
         -.11245E+00 -.21411E+00 -.29945E+00
         -.89581E+02 -.77120E+02 -.64659E+02 -.52198E+02 -.39737E+02
         -.27276E+02 -.15951E+02 -.95060E+01 -.58140E+01 -.36880E+01
         -.24550E+01 -.17350E+01 -.13100E+01 -.10560E+01 -.90500E+00
         -.78800E+00 -.80900E+00 -.10330E+01
          .49844E+02  .49844E+02  .49844E+02  .49844E+02  .49844E+02
          .49844E+02  .36211E+02  .18550E+02  .11232E+02  .63363E+01
          .37305E+01  .21779E+01  .12981E+01  .77768E+00  .45115E+00
          .63734E-01 -.13009E+00 -.27096E+00
         -.22480E+01 -.23750E+01 -.25030E+01 -.26330E+01 -.27670E+01
         -.28900E+01 -.27500E+01 -.24100E+01 -.22760E+01 -.22710E+01
         -.23060E+01 -.24180E+01 -.26200E+01 -.28900E+01 -.32010E+01
         -.38870E+01 -.46070E+01 -.60730E+01
         -.50806E+00 -.50789E+00 -.52039E+00 -.50654E+00 -.62145E+00
         -.91649E-01  .11920E+01  .10835E+01  .16212E+00 -.63941E-01
         -.26636E+00 -.63464E+00 -.96310E+00 -.11770E+01 -.13010E+01
         -.14202E+01 -.14543E+01 -.14719E+01
         -.26171E+01 -.24951E+01 -.23741E+01 -.22571E+01 -.21421E+01
         -.13191E+01  .32588E+00  .12599E+01  .17459E+01  .19879E+01
          .21039E+01  .21639E+01  .21989E+01  .22189E+01  .22309E+01
          .22149E+01  .21409E+01  .18799E+01
          .49724E+00  .46953E+00  .54065E+00  .22386E+00  .13479E+01
          .56405E+01  .57062E+01  .24828E+01  .14026E+01  .64264E+00
          .32281E+00  .17814E+00  .10464E+00  .63291E-01  .26191E-01
         -.91727E-01 -.19928E+00 -.29186E+00
         -.97741E+02 -.84162E+02 -.70582E+02 -.57002E+02 -.43423E+02
         -.29843E+02 -.17500E+02 -.10470E+02 -.64400E+01 -.41170E+01
         -.27710E+01 -.19850E+01 -.15190E+01 -.12370E+01 -.10670E+01
         -.92500E+00 -.93300E+00 -.11460E+01
          .54319E+02  .54319E+02  .54319E+02  .54319E+02  .54319E+02
          .54319E+02  .39478E+02  .20244E+02  .12267E+02  .69226E+01
          .40702E+01  .23806E+01  .14316E+01  .86922E+00  .51558E+00
          .10009E+00 -.11194E+00 -.26353E+00
         -.21680E+01 -.22940E+01 -.24220E+01 -.25520E+01 -.26840E+01
         -.27940E+01 -.26180E+01 -.23250E+01 -.22420E+01 -.22830E+01
         -.23550E+01 -.24830E+01 -.26890E+01 -.29580E+01 -.32680E+01
         -.39500E+01 -.46660E+01 -.61230E+01
         -.50316E+00 -.50568E+00 -.52212E+00 -.50185E+00 -.61447E+00
          .55724E-01  .11836E+01  .83799E+00 -.23544E-01 -.23981E+00
         -.37320E+00 -.66739E+00 -.96524E+00 -.11716E+01 -.12962E+01
         -.14114E+01 -.14463E+01 -.14623E+01
         -.25381E+01 -.24151E+01 -.22941E+01 -.21751E+01 -.20561E+01
         -.10661E+01  .45388E+00  .12999E+01  .17369E+01  .19479E+01
          .20429E+01  .20849E+01  .21059E+01  .21209E+01  .21319E+01
          .21239E+01  .20589E+01  .18069E+01
          .50775E+00  .46051E+00  .57821E+00  .10666E+00  .18511E+01
          .57968E+01  .50817E+01  .22685E+01  .12403E+01  .54622E+00
          .24680E+00  .11057E+00  .66904E-01  .53810E-01  .29856E-01
         -.70761E-01 -.18481E+00 -.28559E+00
         -.69672E+02 -.61260E+02 -.52849E+02 -.44437E+02 -.36026E+02
         -.27614E+02 -.19203E+02 -.11547E+02 -.71430E+01 -.46020E+01
         -.31300E+01 -.22720E+01 -.17600E+01 -.14450E+01 -.12500E+01
         -.10770E+01 -.10690E+01 -.12700E+01
          .33646E+02  .33646E+02  .33646E+02  .33646E+02  .33646E+02
          .33646E+02  .33646E+02  .24581E+02  .12752E+02  .77514E+01
          .43984E+01  .26151E+01  .15811E+01  .98451E+00  .60088E+00
          .14368E+00 -.89612E-01 -.25669E+00
         -.20990E+01 -.22250E+01 -.23520E+01 -.24810E+01 -.26130E+01
         -.27260E+01 -.25910E+01 -.23290E+01 -.22580E+01 -.23280E+01
         -.24450E+01 -.26050E+01 -.28270E+01 -.31010E+01 -.34120E+01
         -.40880E+01 -.47960E+01 -.62340E+01
         -.50400E+00 -.50400E+00 -.51600E+00 -.50399E+00 -.60002E+00
         -.35918E-01  .10077E+01  .76915E+00 -.88303E-01 -.40394E+00
         -.53993E+00 -.76034E+00 -.10027E+01 -.11809E+01 -.12939E+01
         -.13951E+01 -.14296E+01 -.14422E+01
         -.24681E+01 -.23451E+01 -.22241E+01 -.21041E+01 -.19851E+01
         -.11651E+01  .32888E+00  .11789E+01  .16189E+01  .18319E+01
          .19229E+01  .19569E+01  .19699E+01  .19819E+01  .19969E+01
          .20059E+01  .19559E+01  .17179E+01
          .50385E+00  .46830E+00  .55096E+00  .21985E+00  .14376E+01
          .52976E+01  .51398E+01  .22712E+01  .12554E+01  .54304E+00
          .22039E+00  .75395E-01  .42031E-01  .56482E-01  .56041E-01
         -.35211E-01 -.16120E+00 -.27640E+00
         -.80044E+02 -.70353E+02 -.60661E+02 -.50970E+02 -.41279E+02
         -.31587E+02 -.21896E+02 -.13091E+02 -.80930E+01 -.52400E+01
         -.35990E+01 -.26440E+01 -.20660E+01 -.16940E+01 -.14500E+01
         -.12150E+01 -.11770E+01 -.13540E+01
          .38765E+02  .38765E+02  .38765E+02  .38765E+02  .38765E+02
          .38765E+02  .38765E+02  .28129E+02  .14353E+02  .86714E+01
          .48897E+01  .29217E+01  .18196E+01  .11998E+01  .77299E+00
          .22835E+00 -.48401E-01 -.24130E+00
         -.20340E+01 -.21600E+01 -.22870E+01 -.24160E+01 -.25460E+01
         -.26200E+01 -.23900E+01 -.21630E+01 -.21450E+01 -.22440E+01
         -.23370E+01 -.24420E+01 -.26190E+01 -.28670E+01 -.31630E+01
         -.38320E+01 -.45440E+01 -.59970E+01
         -.50389E+00 -.50423E+00 -.51519E+00 -.50700E+00 -.56481E+00
          .31824E+00  .11639E+01  .51035E+00 -.26524E+00 -.42139E+00
         -.35322E+00 -.54174E+00 -.86383E+00 -.11030E+01 -.12523E+01
         -.13981E+01 -.14413E+01 -.14588E+01
         -.24041E+01 -.22801E+01 -.21581E+01 -.20381E+01 -.18991E+01
         -.70812E+00  .62188E+00  .13499E+01  .17199E+01  .18939E+01
          .19649E+01  .19889E+01  .19939E+01  .19999E+01  .20129E+01
          .20299E+01  .19889E+01  .17619E+01
          .51626E+00  .45547E+00  .61384E+00 -.68405E-02  .25215E+01
          .58808E+01  .42074E+01  .19856E+01  .10263E+01  .43716E+00
          .16506E+00  .42605E-01  .12520E-01  .39313E-01  .58227E-01
         -.13987E-01 -.14628E+00 -.26736E+00
         -.85981E+02 -.75599E+02 -.65217E+02 -.54835E+02 -.44454E+02
         -.34072E+02 -.23690E+02 -.14258E+02 -.89060E+01 -.58540E+01
         -.40990E+01 -.30750E+01 -.24370E+01 -.19980E+01 -.16970E+01
         -.13970E+01 -.13320E+01 -.14880E+01
          .41527E+02  .41527E+02  .41527E+02  .41527E+02  .41527E+02
          .41527E+02  .41527E+02  .30130E+02  .15361E+02  .92736E+01
          .52287E+01  .31598E+01  .20762E+01  .14595E+01  .96596E+00
          .30931E+00 -.13204E-01 -.22740E+00
         -.19640E+01 -.20900E+01 -.22170E+01 -.23450E+01 -.24720E+01
         -.25120E+01 -.23430E+01 -.22430E+01 -.23040E+01 -.24470E+01
         -.25610E+01 -.26690E+01 -.28420E+01 -.30840E+01 -.33750E+01
         -.40310E+01 -.47280E+01 -.61540E+01
         -.50270E+00 -.50660E+00 -.50691E+00 -.52578E+00 -.44998E+00
          .32171E+00  .71114E+00  .61713E-01 -.49000E+00 -.54973E+00
         -.39509E+00 -.53389E+00 -.84134E+00 -.10808E+01 -.12316E+01
         -.13686E+01 -.14120E+01 -.14330E+01
         -.23361E+01 -.22131E+01 -.20901E+01 -.19701E+01 -.17441E+01
         -.41612E+00  .64688E+00  .12159E+01  .14999E+01  .16259E+01
          .16709E+01  .16819E+01  .16839E+01  .16999E+01  .17429E+01
          .18279E+01  .18289E+01  .16389E+01
          .50653E+00  .46293E+00  .59374E+00  .78092E-01  .32459E+01
          .55864E+01  .31007E+01  .15949E+01  .75589E+00  .30159E+00
          .89754E-01  .11395E-01  .20666E-01  .12194E+00  .19958E+00
          .10067E+00 -.86242E-01 -.24188E+00
         -.87607E+02 -.79103E+02 -.70599E+02 -.62096E+02 -.53592E+02
         -.45089E+02 -.36585E+02 -.28082E+02 -.19578E+02 -.11848E+02
         -.74410E+01 -.49090E+01 -.34440E+01 -.25920E+01 -.20940E+01
         -.16430E+01 -.15280E+01 -.16520E+01
          .34014E+02  .34014E+02  .34014E+02  .34014E+02  .34014E+02
          .34014E+02  .34014E+02  .34014E+02  .34014E+02  .24731E+02
          .12704E+02  .77211E+01  .43759E+01  .25794E+01  .15066E+01
          .45990E+00  .49855E-01 -.21093E+00
         -.19080E+01 -.20340E+01 -.21610E+01 -.22890E+01 -.24180E+01
         -.25510E+01 -.26880E+01 -.28320E+01 -.29860E+01 -.31500E+01
         -.32830E+01 -.31040E+01 -.28460E+01 -.28010E+01 -.29270E+01
         -.34510E+01 -.41230E+01 -.55760E+01
         -.50320E+00 -.50559E+00 -.51044E+00 -.51267E+00 -.52289E+00
         -.53978E+00 -.55800E+00 -.60022E+00 -.61711E+00 -.74734E+00
          .42473E-01  .11295E+01  .68372E+00 -.22834E+00 -.74238E+00
         -.12571E+01 -.14053E+01 -.14768E+01
         -.22801E+01 -.21561E+01 -.20341E+01 -.19131E+01 -.17941E+01
         -.16801E+01 -.15711E+01 -.14701E+01 -.13791E+01 -.12931E+01
         -.93012E+00  .88000E-03  .71988E+00  .11849E+01  .14779E+01
          .17539E+01  .18069E+01  .16479E+01
          .49792E+00  .49215E+00  .48546E+00  .48200E+00  .46655E+00
          .44780E+00  .41823E+00  .39927E+00  .28870E+00  .56992E+00
          .28196E+01  .36797E+01  .22617E+01  .14814E+01  .90869E+00
          .27309E+00 -.27031E-01 -.22498E+00
         -.93993E+02 -.84868E+02 -.75743E+02 -.66618E+02 -.57493E+02
         -.48368E+02 -.39243E+02 -.30118E+02 -.20993E+02 -.12698E+02
         -.79690E+01 -.52550E+01 -.36870E+01 -.27760E+01 -.22440E+01
         -.17610E+01 -.16330E+01 -.17480E+01
          .36500E+02  .36500E+02  .36500E+02  .36500E+02  .36500E+02
          .36500E+02  .36500E+02  .36500E+02  .36500E+02  .26540E+02
          .13627E+02  .82692E+01  .46806E+01  .27565E+01  .16092E+01
          .49743E+00  .67025E-01 -.20601E+00
         -.18580E+01 -.19840E+01 -.21100E+01 -.22380E+01 -.23670E+01
         -.24990E+01 -.26350E+01 -.27700E+01 -.28760E+01 -.29700E+01
         -.30830E+01 -.30320E+01 -.28440E+01 -.28090E+01 -.29340E+01
         -.34520E+01 -.41200E+01 -.55670E+01
         -.50454E+00 -.50291E+00 -.50781E+00 -.51384E+00 -.52082E+00
         -.53490E+00 -.55559E+00 -.49474E+00 -.35747E+00 -.47540E+00
         -.22494E+00  .63115E+00  .56835E+00 -.22853E+00 -.73421E+00
         -.12457E+01 -.13991E+01 -.14709E+01
         -.22291E+01 -.21051E+01 -.19821E+01 -.18611E+01 -.17421E+01
         -.16271E+01 -.15131E+01 -.11971E+01 -.40912E+00  .15988E+00
          .46188E+00  .66088E+00  .91588E+00  .12069E+01  .14449E+01
          .16969E+01  .17489E+01  .15929E+01
          .49667E+00  .49466E+00  .48869E+00  .47859E+00  .47695E+00
          .42159E+00  .58468E+00  .23997E+01  .30645E+01  .16261E+01
          .88298E+00  .85397E+00  .11491E+01  .11015E+01  .79282E+00
          .26408E+00 -.25118E-01 -.22144E+00
         -.10077E+03 -.90986E+02 -.81201E+02 -.71415E+02 -.61630E+02
         -.51845E+02 -.42060E+02 -.32275E+02 -.22490E+02 -.13595E+02
         -.85250E+01 -.56190E+01 -.39440E+01 -.29710E+01 -.24040E+01
         -.18870E+01 -.17460E+01 -.18520E+01
          .39140E+02  .39140E+02  .39140E+02  .39140E+02  .39140E+02
          .39140E+02  .39140E+02  .39140E+02  .39140E+02  .28459E+02
          .14602E+02  .88429E+01  .49978E+01  .29418E+01  .17148E+01
          .53748E+00  .83280E-01 -.20064E+00
         -.17860E+01 -.19120E+01 -.20380E+01 -.21650E+01 -.22940E+01
         -.24250E+01 -.25590E+01 -.26760E+01 -.27480E+01 -.28270E+01
         -.29540E+01 -.29860E+01 -.28610E+01 -.28360E+01 -.29590E+01
         -.34700E+01 -.41320E+01 -.55660E+01
         -.50415E+00 -.50370E+00 -.50505E+00 -.51211E+00 -.51852E+00
         -.53383E+00 -.52617E+00 -.37351E+00 -.24779E+00 -.44734E+00
         -.43485E+00  .27876E+00  .43582E+00 -.22203E+00 -.72371E+00
         -.12317E+01 -.13876E+01 -.14572E+01
         -.21631E+01 -.20391E+01 -.19161E+01 -.17941E+01 -.16741E+01
         -.15571E+01 -.14221E+01 -.84012E+00 -.30120E-01  .45088E+00
          .69188E+00  .82288E+00  .97388E+00  .11819E+01  .13829E+01
          .16219E+01  .16749E+01  .15239E+01
          .49732E+00  .49336E+00  .49324E+00  .47369E+00  .51599E+00
          .30634E+00  .12827E+01  .31670E+01  .27533E+01  .13116E+01
          .66415E+00  .49578E+00  .73674E+00  .86525E+00  .71025E+00
          .26601E+00 -.22275E-01 -.21536E+00
         -.10951E+03 -.98867E+02 -.88223E+02 -.77578E+02 -.66933E+02
         -.56289E+02 -.45644E+02 -.35000E+02 -.24355E+02 -.14682E+02
         -.91840E+01 -.60450E+01 -.42410E+01 -.31960E+01 -.25880E+01
         -.20320E+01 -.18760E+01 -.19720E+01
          .42578E+02  .42578E+02  .42578E+02  .42578E+02  .42578E+02
          .42578E+02  .42578E+02  .42578E+02  .42578E+02  .30919E+02
          .15797E+02  .95362E+01  .53740E+01  .31558E+01  .18390E+01
          .58268E+00  .10230E+00 -.19515E+00
         -.17190E+01 -.18450E+01 -.19710E+01 -.20980E+01 -.22260E+01
         -.23560E+01 -.24870E+01 -.25860E+01 -.26340E+01 -.27110E+01
         -.28510E+01 -.29560E+01 -.29110E+01 -.29030E+01 -.30230E+01
         -.35230E+01 -.41750E+01 -.55900E+01
         -.50422E+00 -.50356E+00 -.50554E+00 -.51028E+00 -.51335E+00
         -.53231E+00 -.48941E+00 -.27006E+00 -.19436E+00 -.45251E+00
         -.59960E+00 -.89078E-01  .23592E+00 -.21859E+00 -.70556E+00
         -.12094E+01 -.13687E+01 -.14382E+01
         -.21011E+01 -.19771E+01 -.18531E+01 -.17311E+01 -.16111E+01
         -.14931E+01 -.13181E+01 -.57712E+00  .18688E+00  .61488E+00
          .82188E+00  .91788E+00  .10039E+01  .11399E+01  .13009E+01
          .15239E+01  .15809E+01  .14379E+01
          .49602E+00  .49596E+00  .49615E+00  .47143E+00  .52213E+00
          .29606E+00  .18096E+01  .34575E+01  .24206E+01  .11643E+01
          .54240E+00  .30214E+00  .43303E+00  .62973E+00  .61206E+00
          .27021E+00 -.12894E-01 -.20805E+00
         -.11702E+03 -.10564E+03 -.94271E+02 -.82898E+02 -.71525E+02
         -.60151E+02 -.48778E+02 -.37404E+02 -.26031E+02 -.15696E+02
         -.98230E+01 -.64710E+01 -.45460E+01 -.34330E+01 -.27840E+01
         -.21910E+01 -.20200E+01 -.21060E+01
          .45494E+02  .45494E+02  .45494E+02  .45494E+02  .45494E+02
          .45494E+02  .45494E+02  .45494E+02  .45494E+02  .33033E+02
          .16872E+02  .10181E+02  .57280E+01  .33630E+01  .19639E+01
          .62437E+00  .12259E+00 -.19030E+00
         -.16560E+01 -.17820E+01 -.19080E+01 -.20340E+01 -.21620E+01
         -.22910E+01 -.24190E+01 -.24900E+01 -.24870E+01 -.25320E+01
         -.26670E+01 -.28240E+01 -.28930E+01 -.29460E+01 -.30850E+01
         -.35870E+01 -.42280E+01 -.56160E+01
         -.50382E+00 -.50436E+00 -.50274E+00 -.50868E+00 -.51055E+00
         -.53313E+00 -.44093E+00 -.91156E-01 -.10449E-01 -.37105E+00
         -.66536E+00 -.47152E+00 -.16055E+00 -.35026E+00 -.74240E+00
         -.11931E+01 -.13432E+01 -.14104E+01
         -.20421E+01 -.19181E+01 -.17941E+01 -.16711E+01 -.15501E+01
         -.14321E+01 -.12241E+01 -.35212E+00  .44488E+00  .87988E+00
          .10889E+01  .11739E+01  .12119E+01  .12549E+01  .13259E+01
          .14649E+01  .14989E+01  .13509E+01
          .49629E+00  .49543E+00  .49801E+00  .47653E+00  .52388E+00
          .29594E+00  .22044E+01  .38466E+01  .24370E+01  .11892E+01
          .53431E+00  .20162E+00  .13523E+00  .22946E+00  .31492E+00
          .18955E+00 -.35108E-01 -.20445E+00
         -.12498E+03 -.11284E+03 -.10069E+03 -.88546E+02 -.76401E+02
         -.64256E+02 -.52111E+02 -.39967E+02 -.27822E+02 -.16786E+02
         -.10515E+02 -.69390E+01 -.48870E+01 -.37010E+01 -.30110E+01
         -.23780E+01 -.21920E+01 -.22680E+01
          .48579E+02  .48579E+02  .48579E+02  .48579E+02  .48579E+02
          .48579E+02  .48579E+02  .48579E+02  .48579E+02  .35274E+02
          .18009E+02  .10856E+02  .61052E+01  .35797E+01  .20879E+01
          .67128E+00  .14099E+00 -.18449E+00
         -.15980E+01 -.17230E+01 -.18490E+01 -.19750E+01 -.21030E+01
         -.22320E+01 -.23600E+01 -.24500E+01 -.24750E+01 -.25320E+01
         -.26660E+01 -.28380E+01 -.29660E+01 -.30720E+01 -.32310E+01
         -.37300E+01 -.43490E+01 -.56870E+01
         -.49877E+00 -.50246E+00 -.50340E+00 -.50794E+00 -.51284E+00
         -.52470E+00 -.47236E+00 -.20188E+00 -.10013E+00 -.38159E+00
         -.66551E+00 -.62837E+00 -.42101E+00 -.49561E+00 -.77657E+00
         -.11594E+01 -.12939E+01 -.13601E+01
         -.19871E+01 -.18621E+01 -.17391E+01 -.16161E+01 -.14951E+01
         -.13751E+01 -.12081E+01 -.50212E+00  .28588E+00  .73688E+00
          .95588E+00  .10469E+01  .10789E+01  .11039E+01  .11549E+01
          .12849E+01  .13279E+01  .11999E+01
          .50275E+00  .49449E+00  .49527E+00  .47643E+00  .52700E+00
          .30758E+00  .16867E+01  .34217E+01  .25544E+01  .12285E+01
          .57158E+00  .20517E+00  .83738E-01  .14388E+00  .25275E+00
          .19974E+00 -.13725E-01 -.18514E+00
         -.13412E+03 -.12108E+03 -.10805E+03 -.95011E+02 -.81976E+02
         -.68941E+02 -.55907E+02 -.42872E+02 -.29837E+02 -.17997E+02
         -.11289E+02 -.74720E+01 -.52860E+01 -.40240E+01 -.32900E+01
         -.26120E+01 -.23930E+01 -.24260E+01
          .52139E+02  .52139E+02  .52139E+02  .52139E+02  .52139E+02
          .52139E+02  .52139E+02  .52139E+02  .52139E+02  .37802E+02
          .19230E+02  .11577E+02  .64977E+01  .38083E+01  .22212E+01
          .74030E+00  .19962E+00 -.14931E+00
         -.15420E+01 -.16680E+01 -.17930E+01 -.19200E+01 -.20470E+01
         -.21750E+01 -.22960E+01 -.23500E+01 -.23570E+01 -.24280E+01
         -.25790E+01 -.27540E+01 -.28390E+01 -.28840E+01 -.30070E+01
         -.34840E+01 -.41110E+01 -.54760E+01
         -.50563E+00 -.50074E+00 -.50341E+00 -.50963E+00 -.50609E+00
         -.52602E+00 -.37784E+00 -.62638E-01 -.10362E+00 -.45890E+00
         -.72477E+00 -.55401E+00 -.17919E+00 -.28922E+00 -.67992E+00
         -.11560E+01 -.13199E+01 -.13876E+01
         -.19351E+01 -.18101E+01 -.16871E+01 -.15641E+01 -.14421E+01
         -.13201E+01 -.10451E+01 -.17212E+00  .52688E+00  .90188E+00
          .10769E+01  .11439E+01  .11699E+01  .12009E+01  .12489E+01
          .13419E+01  .13789E+01  .12869E+01
          .50230E+00  .49540E+00  .49210E+00  .48820E+00  .49510E+00
          .45938E+00  .24314E+01  .35912E+01  .20680E+01  .10247E+01
          .43298E+00  .14732E+00  .93742E-01  .16171E+00  .20740E+00
          .14216E+00  .39401E-02 -.13997E+00
         -.88683E+02 -.80948E+02 -.73214E+02 -.65479E+02 -.57745E+02
         -.50010E+02 -.42276E+02 -.34541E+02 -.26807E+02 -.19072E+02
         -.12043E+02 -.80450E+01 -.57570E+01 -.44360E+01 -.36690E+01
         -.29550E+01 -.27050E+01 -.27010E+01
          .30938E+02  .30938E+02  .30938E+02  .30938E+02  .30938E+02
          .30938E+02  .30938E+02  .30938E+02  .30938E+02  .30938E+02
          .22472E+02  .11498E+02  .69680E+01  .39379E+01  .23364E+01
          .79779E+00  .25644E+00 -.12222E+00
         -.14880E+01 -.16130E+01 -.17390E+01 -.18650E+01 -.19920E+01
         -.21160E+01 -.22110E+01 -.22760E+01 -.23700E+01 -.25130E+01
         -.26900E+01 -.28650E+01 -.29650E+01 -.30330E+01 -.31640E+01
         -.36300E+01 -.42290E+01 -.55390E+01
         -.49890E+00 -.50220E+00 -.50429E+00 -.50465E+00 -.51311E+00
         -.45490E+00 -.29527E+00 -.28401E+00 -.47669E+00 -.65324E+00
         -.75036E+00 -.56934E+00 -.27229E+00 -.35752E+00 -.68565E+00
         -.11110E+01 -.12602E+01 -.13349E+01
         -.18841E+01 -.17591E+01 -.16351E+01 -.15121E+01 -.13891E+01
         -.11891E+01 -.44412E+00  .27288E+00  .66688E+00  .85088E+00
          .91488E+00  .91688E+00  .90488E+00  .91388E+00  .95088E+00
          .10439E+01  .11119E+01  .10919E+01
          .49943E+00  .50114E+00  .48400E+00  .52686E+00  .36057E+00
          .19069E+01  .33520E+01  .22292E+01  .10632E+01  .45403E+00
          .96693E-01 -.48803E-01 -.21483E-01  .98734E-01  .17855E+00
          .17725E+00  .78455E-01 -.69227E-01
         -.14124E+03 -.13072E+03 -.12021E+03 -.10969E+03 -.99173E+02
         -.88656E+02 -.78139E+02 -.67622E+02 -.57105E+02 -.46589E+02
         -.36072E+02 -.25555E+02 -.16000E+02 -.10580E+02 -.74880E+01
         -.46840E+01 -.37370E+01 -.33790E+01
          .42067E+02  .42067E+02  .42067E+02  .42067E+02  .42067E+02
          .42067E+02  .42067E+02  .42067E+02  .42067E+02  .42067E+02
          .42067E+02  .42067E+02  .30526E+02  .15530E+02  .94983E+01
          .29821E+01  .10794E+01 -.27160E-02
         -.14390E+01 -.15650E+01 -.16900E+01 -.18160E+01 -.19430E+01
         -.20710E+01 -.22010E+01 -.23340E+01 -.24720E+01 -.26170E+01
         -.27700E+01 -.29330E+01 -.31090E+01 -.32980E+01 -.34980E+01
         -.38800E+01 -.43440E+01 -.55530E+01
         -.50530E+00 -.50141E+00 -.50106E+00 -.50634E+00 -.50958E+00
         -.51534E+00 -.52505E+00 -.54047E+00 -.56506E+00 -.59528E+00
         -.62982E+00 -.67745E+00 -.72840E+00 -.78895E+00 -.78380E+00
         -.81128E+00 -.10471E+01 -.12900E+01
         -.18381E+01 -.17131E+01 -.15891E+01 -.14661E+01 -.13431E+01
         -.12231E+01 -.11051E+01 -.99212E+00 -.88512E+00 -.78612E+00
         -.69512E+00 -.61512E+00 -.54412E+00 -.48012E+00 -.38412E+00
          .23888E+00  .73088E+00  .94288E+00
          .50073E+00  .49854E+00  .49310E+00  .49307E+00  .48662E+00
          .47643E+00  .46365E+00  .44097E+00  .41246E+00  .38118E+00
          .34283E+00  .29949E+00  .27120E+00  .23569E+00  .70602E+00
          .13345E+01  .64600E+00 -.50010E-02
         -.14851E+03 -.13746E+03 -.12641E+03 -.11537E+03 -.10432E+03
         -.93275E+02 -.82229E+02 -.71183E+02 -.60137E+02 -.49090E+02
         -.38044E+02 -.26998E+02 -.16962E+02 -.11270E+02 -.80260E+01
         -.50860E+01 -.40940E+01 -.37110E+01
          .44185E+02  .44185E+02  .44185E+02  .44185E+02  .44185E+02
          .44185E+02  .44185E+02  .44185E+02  .44185E+02  .44185E+02
          .44185E+02  .44185E+02  .32062E+02  .16302E+02  .99612E+01
          .31245E+01  .11326E+01  .81900E-02
         -.13000E+01 -.14250E+01 -.15510E+01 -.16770E+01 -.18030E+01
         -.19300E+01 -.20590E+01 -.21900E+01 -.23250E+01 -.24640E+01
         -.26100E+01 -.27640E+01 -.29260E+01 -.30990E+01 -.32810E+01
         -.36610E+01 -.41030E+01 -.51910E+01
         -.49894E+00 -.50212E+00 -.50458E+00 -.50357E+00 -.50512E+00
         -.51193E+00 -.51916E+00 -.53143E+00 -.54710E+00 -.56815E+00
         -.60028E+00 -.63072E+00 -.66884E+00 -.71392E+00 -.73549E+00
         -.80724E+00 -.96755E+00 -.11482E+01
         -.17191E+01 -.15941E+01 -.14691E+01 -.13451E+01 -.12231E+01
         -.11011E+01 -.98212E+00 -.86612E+00 -.75512E+00 -.65012E+00
         -.55312E+00 -.46312E+00 -.38112E+00 -.30712E+00 -.22812E+00
          .12588E+00  .51188E+00  .74388E+00
          .49988E+00  .50024E+00  .49916E+00  .49111E+00  .48840E+00
          .48330E+00  .47040E+00  .45511E+00  .43317E+00  .40422E+00
          .37396E+00  .34394E+00  .31426E+00  .27100E+00  .43773E+00
          .85162E+00  .59577E+00  .50114E-01
         -.30000E+02 -.30000E+02 -.30000E+02 -.30000E+02 -.30000E+02
         -.30000E+02 -.30000E+02 -.30000E+02 -.30000E+02 -.30000E+02
         -.30000E+02 -.30000E+02 -.30000E+02 -.30000E+02 -.30000E+02
         -.30000E+02 -.30000E+02 -.30000E+02
          .00000E+00  .00000E+00  .00000E+00  .00000E+00  .00000E+00
          .00000E+00  .00000E+00  .00000E+00  .00000E+00  .00000E+00
          .00000E+00  .00000E+00  .00000E+00  .00000E+00  .00000E+00
          .00000E+00  .00000E+00  .00000E+00
         -.11840E+01 -.13090E+01 -.14340E+01 -.15600E+01 -.16860E+01
         -.18130E+01 -.19410E+01 -.20700E+01 -.22030E+01 -.23390E+01
         -.24810E+01 -.26290E+01 -.27840E+01 -.29470E+01 -.31200E+01
         -.34980E+01 -.39290E+01 -.49680E+01
         -.50030E+00 -.49940E+00 -.50212E+00 -.50414E+00 -.50533E+00
         -.51055E+00 -.51248E+00 -.52351E+00 -.53746E+00 -.55463E+00
         -.58003E+00 -.60527E+00 -.63490E+00 -.67114E+00 -.71256E+00
         -.80237E+00 -.93196E+00 -.10925E+01
         -.16151E+01 -.14901E+01 -.13661E+01 -.12421E+01 -.11181E+01
         -.99612E+00 -.87612E+00 -.75812E+00 -.64512E+00 -.53612E+00
         -.43412E+00 -.33912E+00 -.25012E+00 -.17012E+00 -.97120E-01
          .22880E-01  .11888E+00  .37788E+00
          .50104E+00  .49792E+00  .49528E+00  .49695E+00  .49292E+00
          .48339E+00  .47753E+00  .46251E+00  .44445E+00  .42369E+00
          .39277E+00  .36922E+00  .33836E+00  .30533E+00  .27633E+00
          .20339E+00  .20613E+00  .28543E+00
