     29    18
          .86800E+01  .18200E+02  .35200E+02  .54900E+02  .75500E+02
          .10800E+03  .13300E+03  .16200E+03  .19300E+03  .22500E+03
          .32100E+03  .35200E+03  .38400E+03  .43000E+03  .46400E+03
          .49900E+03  .57100E+03  .60800E+03  .15460E+04  .16480E+04
          .17560E+04  .18940E+04  .20110E+04  .21310E+04  .22950E+04
          .23990E+04  .10100E+05  .10775E+05  .00000E+00
         -.50000E+00 -.25000E+00  .00000E+00  .25000E+00  .50000E+00
          .75000E+00  .10000E+01  .12500E+01  .15000E+01  .17500E+01
          .20000E+01  .22500E+01  .25000E+01  .27500E+01  .30000E+01
          .35000E+01  .40000E+01  .50000E+01
         -.11542E+02 -.61950E+01 -.31210E+01 -.13240E+01 -.24800E+00
          .41800E+00  .84400E+00  .11240E+01  .13080E+01  .14240E+01
          .14860E+01  .15060E+01  .14950E+01  .14600E+01  .14090E+01
          .12760E+01  .11170E+01  .75500E+00
          .23506E+02  .17153E+02  .89354E+01  .55577E+01  .33098E+01
          .21073E+01  .13652E+01  .90397E+00  .58693E+00  .34830E+00
          .15586E+00  .12266E-01 -.96921E-01 -.17658E+00 -.22875E+00
         -.29634E+00 -.33787E+00 -.37406E+00
         -.30000E+02 -.30000E+02 -.30000E+02 -.30000E+02 -.30000E+02
         -.30000E+02 -.30000E+02 -.30000E+02 -.30000E+02 -.30000E+02
         -.30000E+02 -.30000E+02 -.30000E+02 -.30000E+02 -.30000E+02
         -.30000E+02 -.30000E+02 -.30000E+02
          .00000E+00  .00000E+00  .00000E+00  .00000E+00  .00000E+00
          .00000E+00  .00000E+00  .00000E+00  .00000E+00  .00000E+00
          .00000E+00  .00000E+00  .00000E+00  .00000E+00  .00000E+00
          .00000E+00  .00000E+00  .00000E+00
         -.78261E+01 -.30471E+01 -.39112E+00  .10699E+01  .18669E+01
          .22999E+01  .25399E+01  .26769E+01  .27589E+01  .28069E+01
          .28299E+01  .28319E+01  .28149E+01  .27799E+01  .27319E+01
          .26029E+01  .24479E+01  .20909E+01
          .21093E+02  .15162E+02  .74773E+01  .43323E+01  .22896E+01
          .12692E+01  .70949E+00  .41681E+00  .25125E+00  .13817E+00
          .48066E-01 -.30433E-01 -.10633E+00 -.16824E+00 -.21672E+00
         -.28923E+00 -.33037E+00 -.37031E+00
         -.25483E+02 -.14401E+02 -.80970E+01 -.44710E+01 -.23460E+01
         -.10600E+01 -.25200E+00  .27500E+00  .62800E+00  .86200E+00
          .10060E+01  .10820E+01  .11090E+01  .10990E+01  .10660E+01
          .95500E+00  .80800E+00  .46100E+00
          .48780E+02  .35423E+02  .18159E+02  .11100E+02  .64513E+01
          .40265E+01  .25708E+01  .17102E+01  .11483E+01  .74046E+00
          .42583E+00  .19622E+00  .25300E-01 -.93417E-01 -.16763E+00
         -.26538E+00 -.31886E+00 -.36107E+00
         -.45990E+01 -.47930E+01 -.50010E+01 -.51360E+01 -.44840E+01
         -.39110E+01 -.37130E+01 -.37460E+01 -.39120E+01 -.41560E+01
         -.44430E+01 -.47550E+01 -.50820E+01 -.54170E+01 -.57570E+01
         -.64430E+01 -.71350E+01 -.85270E+01
         -.80045E+00 -.72711E+00 -.11151E+01  .10716E+01  .30329E+01
          .14969E+01  .23137E+00 -.44243E+00 -.84964E+00 -.10790E+01
         -.12063E+01 -.12836E+01 -.13271E+01 -.13518E+01 -.13656E+01
         -.13785E+01 -.13882E+01 -.13939E+01
         -.49471E+01 -.48751E+01 -.37371E+01 -.89412E+00  .71088E+00
          .15939E+01  .20799E+01  .23549E+01  .25199E+01  .26269E+01
          .26959E+01  .27319E+01  .27389E+01  .27219E+01  .26849E+01
          .25739E+01  .24289E+01  .20849E+01
         -.28258E+00  .14292E+01  .90859E+01  .99992E+01  .42934E+01
          .26830E+01  .14024E+01  .83951E+00  .51958E+00  .34616E+00
          .20777E+00  .82745E-01 -.22754E-01 -.11173E+00 -.17833E+00
         -.26056E+00 -.31543E+00 -.35828E+00
         -.40849E+02 -.27608E+02 -.15579E+02 -.87530E+01 -.48510E+01
         -.25890E+01 -.12500E+01 -.43500E+00  .76000E-01  .40100E+00
          .60500E+00  .72200E+00  .77800E+00  .79200E+00  .77700E+00
          .69000E+00  .56000E+00  .23100E+00
          .52962E+02  .52962E+02  .38423E+02  .19606E+02  .11891E+02
          .67986E+01  .41268E+01  .25424E+01  .16156E+01  .10272E+01
          .62351E+00  .33075E+00  .12951E+00 -.87806E-02 -.10639E+00
         -.22612E+00 -.29114E+00 -.34793E+00
         -.38870E+01 -.40480E+01 -.42210E+01 -.44100E+01 -.45010E+01
         -.37000E+01 -.30790E+01 -.28680E+01 -.29020E+01 -.30770E+01
         -.33320E+01 -.36310E+01 -.39570E+01 -.42970E+01 -.46470E+01
         -.53580E+01 -.60790E+01 -.75320E+01
         -.62441E+00 -.68318E+00 -.65088E+00 -.10573E+01  .15202E+01
          .34967E+01  .15571E+01  .25892E+00 -.46879E+00 -.89176E+00
         -.11242E+01 -.12596E+01 -.13374E+01 -.13829E+01 -.14112E+01
         -.14331E+01 -.14482E+01 -.14554E+01
         -.42421E+01 -.41541E+01 -.40751E+01 -.38201E+01 -.12551E+01
          .47088E+00  .14439E+01  .19879E+01  .22959E+01  .24809E+01
          .25969E+01  .26649E+01  .26959E+01  .26979E+01  .26759E+01
          .25849E+01  .24529E+01  .21239E+01
          .22074E+00  .61452E+00 -.67481E+00  .60927E+01  .10144E+02
          .48238E+01  .29490E+01  .15842E+01  .93832E+00  .57856E+00
          .35946E+00  .19161E+00  .62097E-01 -.43999E-01 -.12610E+00
         -.22940E+00 -.29431E+00 -.34634E+00
         -.47476E+02 -.35854E+02 -.24231E+02 -.13672E+02 -.76810E+01
         -.42600E+01 -.22860E+01 -.11300E+01 -.43700E+00 -.80000E-02
          .26000E+00  .42100E+00  .50900E+00  .54500E+00  .54500E+00
          .48000E+00  .36200E+00  .47000E-01
          .46491E+02  .46491E+02  .46491E+02  .33727E+02  .17202E+02
          .10408E+02  .59043E+01  .35345E+01  .21456E+01  .13471E+01
          .83014E+00  .48039E+00  .23632E+00  .62332E-01 -.53649E-01
         -.19277E+00 -.27326E+00 -.33587E+00
         -.34890E+01 -.36350E+01 -.37900E+01 -.39570E+01 -.41360E+01
         -.39890E+01 -.31240E+01 -.26630E+01 -.25550E+01 -.26530E+01
         -.28690E+01 -.31500E+01 -.34690E+01 -.38100E+01 -.41620E+01
         -.48860E+01 -.56200E+01 -.70970E+01
         -.57460E+00 -.60280E+00 -.62619E+00 -.75643E+00 -.50007E+00
          .23727E+01  .31532E+01  .92665E+00 -.31758E-01 -.67962E+00
         -.10178E+01 -.12133E+01 -.13290E+01 -.13906E+01 -.14247E+01
         -.14627E+01 -.14724E+01 -.14793E+01
         -.38441E+01 -.37431E+01 -.36511E+01 -.35681E+01 -.29421E+01
         -.53712E+00  .88188E+00  .16669E+01  .21009E+01  .23499E+01
          .25009E+01  .25909E+01  .26379E+01  .26499E+01  .26369E+01
          .25569E+01  .24319E+01  .21109E+01
          .41059E+00  .39082E+00  .34213E+00  .34068E+00  .68031E+01
          .88187E+01  .38099E+01  .23897E+01  .12593E+01  .76919E+00
          .46396E+00  .26697E+00  .11215E+00 -.75557E-02 -.93924E-01
         -.21335E+00 -.28269E+00 -.34015E+00
         -.45857E+02 -.36846E+02 -.27834E+02 -.18822E+02 -.10634E+02
         -.59840E+01 -.33260E+01 -.17960E+01 -.90400E+00 -.37200E+00
         -.47000E-01  .14900E+00  .26100E+00  .31500E+00  .32900E+00
          .28200E+00  .17500E+00 -.12800E+00
          .36047E+02  .36047E+02  .36047E+02  .36047E+02  .26161E+02
          .13363E+02  .80819E+01  .45653E+01  .27208E+01  .16396E+01
          .10048E+01  .59324E+00  .31825E+00  .12576E+00 -.53015E-02
         -.16572E+00 -.25583E+00 -.32658E+00
         -.32170E+01 -.33550E+01 -.35000E+01 -.36540E+01 -.38210E+01
         -.39280E+01 -.32830E+01 -.26600E+01 -.24340E+01 -.24630E+01
         -.26400E+01 -.29000E+01 -.32090E+01 -.35450E+01 -.38960E+01
         -.46210E+01 -.53570E+01 -.68400E+01
         -.54890E+00 -.55820E+00 -.61428E+00 -.57266E+00 -.94709E+00
          .10730E+01  .31110E+01  .16988E+01  .28173E+00 -.46172E+00
         -.90683E+00 -.11549E+01 -.13014E+01 -.13794E+01 -.14249E+01
         -.14660E+01 -.14772E+01 -.14859E+01
         -.35711E+01 -.34621E+01 -.33611E+01 -.32691E+01 -.30221E+01
         -.81912E+00  .68888E+00  .15359E+01  .20119E+01  .22819E+01
          .24419E+01  .25359E+01  .25869E+01  .26029E+01  .25939E+01
          .25209E+01  .24009E+01  .20849E+01
          .47338E+00  .36123E+00  .60168E+00 -.45194E+00  .52741E+01
          .87556E+01  .42356E+01  .25620E+01  .13924E+01  .82023E+00
          .48665E+00  .28119E+00  .12860E+00  .84172E-02 -.78268E-01
         -.20123E+00 -.27483E+00 -.33659E+00
         -.65665E+02 -.52826E+02 -.39986E+02 -.27146E+02 -.15483E+02
         -.88750E+01 -.51150E+01 -.29590E+01 -.17050E+01 -.95300E+00
         -.49000E+00 -.20700E+00 -.40000E-01  .49000E-01  .87000E-01
          .68000E-01 -.25000E-01 -.31400E+00
          .51359E+02  .51359E+02  .51359E+02  .51359E+02  .37237E+02
          .18943E+02  .11407E+02  .64204E+01  .38310E+01  .23274E+01
          .14393E+01  .86736E+00  .49127E+00  .23957E+00  .74442E-01
         -.12780E+00 -.23526E+00 -.31587E+00
         -.30100E+01 -.31440E+01 -.32830E+01 -.34300E+01 -.35870E+01
         -.37300E+01 -.34600E+01 -.28580E+01 -.25120E+01 -.24430E+01
         -.25570E+01 -.27810E+01 -.30690E+01 -.33930E+01 -.37380E+01
         -.44580E+01 -.51930E+01 -.66750E+01
         -.53359E+00 -.54081E+00 -.57916E+00 -.57456E+00 -.77062E+00
          .57036E-01  .20665E+01  .21411E+01  .74528E+00 -.14217E+00
         -.71660E+00 -.10474E+01 -.12378E+01 -.13456E+01 -.14079E+01
         -.14614E+01 -.14764E+01 -.14848E+01
         -.33641E+01 -.32501E+01 -.31431E+01 -.30441E+01 -.29031E+01
         -.10041E+01  .55488E+00  .14139E+01  .18929E+01  .21689E+01
          .23369E+01  .24419E+01  .25029E+01  .25289E+01  .25279E+01
          .24649E+01  .23519E+01  .20419E+01
          .49519E+00  .37761E+00  .64637E+00 -.49108E+00  .41980E+01
          .81792E+01  .45811E+01  .25122E+01  .14260E+01  .84374E+00
          .52704E+00  .32410E+00  .16855E+00  .45704E-01 -.51364E-01
         -.18522E+00 -.26374E+00 -.33313E+00
         -.54903E+02 -.45975E+02 -.37048E+02 -.28120E+02 -.19192E+02
         -.11080E+02 -.64720E+01 -.38370E+01 -.23070E+01 -.13870E+01
         -.81800E+00 -.46800E+00 -.25900E+00 -.14300E+00 -.87000E-01
         -.87000E-01 -.16900E+00 -.44900E+00
          .35711E+02  .35711E+02  .35711E+02  .35711E+02  .35711E+02
          .25922E+02  .13242E+02  .80281E+01  .46260E+01  .28679E+01
          .17704E+01  .10785E+01  .62359E+00  .32714E+00  .13185E+00
         -.10136E+00 -.21842E+00 -.31079E+00
         -.28350E+01 -.29660E+01 -.31010E+01 -.32430E+01 -.33920E+01
         -.35260E+01 -.32930E+01 -.28020E+01 -.24870E+01 -.23970E+01
         -.24880E+01 -.26960E+01 -.29730E+01 -.32910E+01 -.36320E+01
         -.43470E+01 -.50800E+01 -.65590E+01
         -.52247E+00 -.52706E+00 -.56129E+00 -.55176E+00 -.72365E+00
          .50350E-01  .17102E+01  .17967E+01  .77507E+00 -.36953E-01
         -.63926E+00 -.99402E+00 -.12047E+01 -.13273E+01 -.13940E+01
         -.14551E+01 -.14735E+01 -.14817E+01
         -.31911E+01 -.30751E+01 -.29631E+01 -.28581E+01 -.27341E+01
         -.10181E+01  .56888E+00  .14309E+01  .18969E+01  .21539E+01
          .23049E+01  .24009E+01  .24589E+01  .24849E+01  .24849E+01
          .24259E+01  .23149E+01  .20079E+01
          .49742E+00  .39717E+00  .64992E+00 -.39285E+00  .36695E+01
          .77949E+01  .47869E+01  .24456E+01  .13667E+01  .76371E+00
          .47450E+00  .30228E+00  .16437E+00  .48245E-01 -.45347E-01
         -.17840E+00 -.26103E+00 -.32998E+00
         -.66866E+02 -.56017E+02 -.45168E+02 -.34318E+02 -.23469E+02
         -.13613E+02 -.80230E+01 -.48320E+01 -.29770E+01 -.18550E+01
         -.11590E+01 -.73100E+00 -.47500E+00 -.33000E+00 -.25600E+00
         -.23500E+00 -.30700E+00 -.57700E+00
          .43397E+02  .43397E+02  .43397E+02  .43397E+02  .43397E+02
          .31478E+02  .16043E+02  .97212E+01  .56241E+01  .35065E+01
          .21658E+01  .13183E+01  .76914E+00  .41719E+00  .19010E+00
         -.72977E-01 -.20419E+00 -.30290E+00
         -.26940E+01 -.28240E+01 -.29570E+01 -.30950E+01 -.32390E+01
         -.33720E+01 -.31630E+01 -.27220E+01 -.24610E+01 -.23800E+01
         -.24590E+01 -.26530E+01 -.29210E+01 -.32330E+01 -.35700E+01
         -.42800E+01 -.50100E+01 -.64830E+01
         -.51902E+00 -.52196E+00 -.54915E+00 -.53343E+00 -.70113E+00
          .13965E-01  .15573E+01  .15569E+01  .63894E+00 -.87102E-02
         -.58010E+00 -.94689E+00 -.11763E+01 -.13077E+01 -.13808E+01
         -.14478E+01 -.14680E+01 -.14755E+01
         -.30511E+01 -.29331E+01 -.28181E+01 -.27091E+01 -.25981E+01
         -.11611E+01  .50188E+00  .14069E+01  .18859E+01  .21389E+01
          .22779E+01  .23629E+01  .24159E+01  .24399E+01  .24409E+01
          .23839E+01  .22749E+01  .19699E+01
          .49845E+00  .41909E+00  .62119E+00 -.21587E+00  .28823E+01
          .72628E+01  .52666E+01  .24869E+01  .13939E+01  .72149E+00
          .42412E+00  .27003E+00  .15176E+00  .46941E-01 -.39521E-01
         -.17476E+00 -.25745E+00 -.32877E+00
         -.79670E+02 -.66766E+02 -.53862E+02 -.40958E+02 -.28054E+02
         -.16333E+02 -.96930E+01 -.59060E+01 -.36920E+01 -.23390E+01
         -.15000E+01 -.98800E+00 -.68300E+00 -.50800E+00 -.41500E+00
         -.37400E+00 -.43600E+00 -.69800E+00
          .51616E+02  .51616E+02  .51616E+02  .51616E+02  .51616E+02
          .37420E+02  .19037E+02  .11556E+02  .67527E+01  .42376E+01
          .26009E+01  .15709E+01  .91936E+00  .51160E+00  .25024E+00
         -.46615E-01 -.18978E+00 -.29811E+00
         -.25710E+01 -.27000E+01 -.28310E+01 -.29660E+01 -.31070E+01
         -.32360E+01 -.30190E+01 -.25970E+01 -.23940E+01 -.23570E+01
         -.24490E+01 -.26440E+01 -.29080E+01 -.32160E+01 -.35500E+01
         -.42550E+01 -.49810E+01 -.64460E+01
         -.51583E+00 -.51634E+00 -.53882E+00 -.52037E+00 -.69169E+00
          .47150E-01  .15591E+01  .13845E+01  .40298E+00 -.11641E+00
         -.59735E+00 -.93818E+00 -.11579E+01 -.12941E+01 -.13698E+01
         -.14390E+01 -.14603E+01 -.14674E+01
         -.29291E+01 -.28091E+01 -.26931E+01 -.25811E+01 -.24701E+01
         -.11981E+01  .48988E+00  .14129E+01  .18969E+01  .21429E+01
          .22679E+01  .23379E+01  .23809E+01  .24009E+01  .23989E+01
          .23419E+01  .22329E+01  .19299E+01
          .50387E+00  .43225E+00  .59913E+00 -.92757E-01  .24479E+01
          .68972E+01  .54835E+01  .25010E+01  .13964E+01  .67328E+00
          .36247E+00  .21683E+00  .12620E+00  .34370E-01 -.47679E-01
         -.17266E+00 -.25767E+00 -.32567E+00
         -.61723E+02 -.53226E+02 -.44728E+02 -.36231E+02 -.27734E+02
         -.19237E+02 -.11514E+02 -.70980E+01 -.44700E+01 -.28400E+01
         -.18390E+01 -.12370E+01 -.88200E+00 -.67700E+00 -.56700E+00
         -.50700E+00 -.55900E+00 -.81300E+00
          .33989E+02  .33989E+02  .33989E+02  .33989E+02  .33989E+02
          .33989E+02  .24699E+02  .12885E+02  .82909E+01  .50479E+01
          .30893E+01  .18307E+01  .10720E+01  .60128E+00  .30288E+00
         -.19843E-01 -.17551E+00 -.29324E+00
         -.24630E+01 -.25910E+01 -.27210E+01 -.28540E+01 -.29920E+01
         -.31150E+01 -.28780E+01 -.24610E+01 -.22990E+01 -.23190E+01
         -.24510E+01 -.26650E+01 -.29380E+01 -.32480E+01 -.35820E+01
         -.42820E+01 -.50010E+01 -.64530E+01
         -.51166E+00 -.51268E+00 -.53363E+00 -.50879E+00 -.68321E+00
          .10962E+00  .16127E+01  .12875E+01  .18538E+00 -.32498E+00
         -.70945E+00 -.98921E+00 -.11777E+01 -.12960E+01 -.13665E+01
         -.14253E+01 -.14464E+01 -.14548E+01
         -.28221E+01 -.27011E+01 -.25831E+01 -.24691E+01 -.23571E+01
         -.12141E+01  .47288E+00  .14029E+01  .18879E+01  .21299E+01
          .22459E+01  .23039E+01  .23369E+01  .23529E+01  .23499E+01
          .22919E+01  .21849E+01  .18829E+01
          .50351E+00  .44499E+00  .58455E+00  .82975E-03  .21241E+01
          .65626E+01  .55853E+01  .25000E+01  .13945E+01  .64578E+00
          .31832E+00  .16892E+00  .97991E-01  .27115E-01 -.50451E-01
         -.17153E+00 -.25344E+00 -.32628E+00
         -.86559E+02 -.74483E+02 -.62407E+02 -.50331E+02 -.38255E+02
         -.26179E+02 -.15208E+02 -.89820E+01 -.54230E+01 -.33710E+01
         -.21790E+01 -.14830E+01 -.10740E+01 -.83500E+00 -.69800E+00
         -.60100E+00 -.63100E+00 -.86400E+00
          .48304E+02  .48304E+02  .48304E+02  .48304E+02  .48304E+02
          .48304E+02  .35043E+02  .17886E+02  .10831E+02  .61224E+01
          .36075E+01  .21035E+01  .12385E+01  .71851E+00  .39947E+00
          .36171E-01 -.14215E+00 -.27842E+00
         -.23660E+01 -.24930E+01 -.26230E+01 -.27540E+01 -.28910E+01
         -.30070E+01 -.27490E+01 -.23340E+01 -.21830E+01 -.21670E+01
         -.21790E+01 -.22710E+01 -.24610E+01 -.27240E+01 -.30320E+01
         -.37190E+01 -.44430E+01 -.59180E+01
         -.50592E+00 -.51216E+00 -.52944E+00 -.50207E+00 -.67826E+00
          .17913E+00  .16658E+01  .12339E+01  .19078E+00  .70191E-02
         -.17085E+00 -.57160E+00 -.92673E+00 -.11575E+01 -.12954E+01
         -.14269E+01 -.14630E+01 -.14810E+01
         -.27261E+01 -.26041E+01 -.24851E+01 -.23691E+01 -.22551E+01
         -.11881E+01  .48988E+00  .14199E+01  .19049E+01  .21489E+01
          .22729E+01  .23439E+01  .23869E+01  .24119E+01  .24199E+01
          .23919E+01  .23089E+01  .20369E+01
          .50583E+00  .45234E+00  .57680E+00  .60453E-01  .19414E+01
          .63460E+01  .56145E+01  .24918E+01  .13982E+01  .66323E+00
          .36482E+00  .21747E+00  .13328E+00  .65413E-01  .10694E-02
         -.11324E+00 -.21409E+00 -.30095E+00
         -.94889E+02 -.81658E+02 -.68426E+02 -.55194E+02 -.41963E+02
         -.28731E+02 -.16711E+02 -.98930E+01 -.59970E+01 -.37530E+01
         -.24510E+01 -.16910E+01 -.12440E+01 -.98200E+00 -.82900E+00
         -.71200E+00 -.73300E+00 -.95800E+00
          .52927E+02  .52927E+02  .52927E+02  .52927E+02  .52927E+02
          .52927E+02  .38387E+02  .19582E+02  .11852E+02  .66903E+01
          .39390E+01  .22977E+01  .13544E+01  .79285E+00  .45422E+00
          .62964E-01 -.13008E+00 -.27246E+00
         -.22550E+01 -.23820E+01 -.25110E+01 -.26410E+01 -.27750E+01
         -.29020E+01 -.27540E+01 -.23570E+01 -.21880E+01 -.21670E+01
         -.21800E+01 -.22670E+01 -.24510E+01 -.27090E+01 -.30140E+01
         -.36970E+01 -.44190E+01 -.58900E+01
         -.50677E+00 -.51047E+00 -.52337E+00 -.50406E+00 -.62839E+00
         -.11438E+00  .13379E+01  .13027E+01  .24323E+00  .43507E-02
         -.16464E+00 -.54580E+00 -.90416E+00 -.11416E+01 -.12856E+01
         -.14212E+01 -.14597E+01 -.14767E+01
         -.26221E+01 -.25001E+01 -.23801E+01 -.22621E+01 -.21491E+01
         -.14691E+01  .25588E+00  .12609E+01  .17889E+01  .20539E+01
          .21869E+01  .22599E+01  .23049E+01  .23319E+01  .23429E+01
          .23229E+01  .22469E+01  .19819E+01
          .49497E+00  .47406E+00  .51279E+00  .33077E+00  .93611E+00
          .54408E+01  .61608E+01  .26760E+01  .15312E+01  .71534E+00
          .38348E+00  .22272E+00  .14162E+00  .74779E-01  .15261E-01
         -.97122E-01 -.20277E+00 -.29611E+00
         -.67305E+02 -.59132E+02 -.50960E+02 -.42788E+02 -.34616E+02
         -.26443E+02 -.18271E+02 -.10840E+02 -.65940E+01 -.41490E+01
         -.27330E+01 -.19070E+01 -.14220E+01 -.11340E+01 -.96400E+00
         -.82700E+00 -.83800E+00 -.10540E+01
          .32689E+02  .32689E+02  .32689E+02  .32689E+02  .32689E+02
          .32689E+02  .32689E+02  .23794E+02  .12260E+02  .74594E+01
          .42346E+01  .25061E+01  .14728E+01  .87853E+00  .50904E+00
          .90715E-01 -.11590E+00 -.26605E+00
         -.21790E+01 -.23060E+01 -.24330E+01 -.25630E+01 -.26960E+01
         -.28140E+01 -.26350E+01 -.22750E+01 -.21440E+01 -.21580E+01
         -.21930E+01 -.22840E+01 -.24650E+01 -.27200E+01 -.30230E+01
         -.37030E+01 -.44220E+01 -.58900E+01
         -.50962E+00 -.50476E+00 -.51933E+00 -.50192E+00 -.62900E+00
          .59380E-02  .13373E+01  .11130E+01  .10258E+00 -.11937E+00
         -.21310E+00 -.54022E+00 -.89000E+00 -.11318E+01 -.12789E+01
         -.14152E+01 -.14545E+01 -.14748E+01
         -.25461E+01 -.24231E+01 -.23021E+01 -.21841E+01 -.20681E+01
         -.12951E+01  .34288E+00  .12819E+01  .17729E+01  .20169E+01
          .21339E+01  .21949E+01  .22309E+01  .22539E+01  .22659E+01
          .22519E+01  .21819E+01  .19249E+01
          .50132E+00  .47335E+00  .53327E+00  .26159E+00  .12284E+01
          .54929E+01  .57321E+01  .25025E+01  .14177E+01  .64680E+00
          .32714E+00  .18065E+00  .11427E+00  .70287E-01  .24586E-01
         -.84086E-01 -.19224E+00 -.28938E+00
         -.75421E+02 -.66264E+02 -.57107E+02 -.47951E+02 -.38794E+02
         -.29637E+02 -.20480E+02 -.12154E+02 -.74000E+01 -.46720E+01
         -.30960E+01 -.21790E+01 -.16410E+01 -.13200E+01 -.11270E+01
         -.96200E+00 -.95900E+00 -.11640E+01
          .36627E+02  .36627E+02  .36627E+02  .36627E+02  .36627E+02
          .36627E+02  .36627E+02  .26657E+02  .13704E+02  .83092E+01
          .47069E+01  .27794E+01  .16355E+01  .98647E+00  .58660E+00
          .12946E+00 -.96440E-01 -.25928E+00
         -.21080E+01 -.22350E+01 -.23620E+01 -.24910E+01 -.26230E+01
         -.27520E+01 -.26890E+01 -.23520E+01 -.21920E+01 -.21990E+01
         -.22460E+01 -.23380E+01 -.25130E+01 -.27620E+01 -.30610E+01
         -.37340E+01 -.44500E+01 -.59120E+01
         -.50888E+00 -.50623E+00 -.51418E+00 -.50903E+00 -.58169E+00
         -.29620E+00  .97450E+00  .11982E+01  .19668E+00 -.14891E+00
         -.24904E+00 -.52293E+00 -.86323E+00 -.11122E+01 -.12641E+01
         -.14050E+01 -.14500E+01 -.14680E+01
         -.24751E+01 -.23521E+01 -.22311E+01 -.21121E+01 -.19961E+01
         -.16081E+01  .11880E-01  .10649E+01  .16219E+01  .18989E+01
          .20309E+01  .20949E+01  .21299E+01  .21529E+01  .21679E+01
          .21649E+01  .21039E+01  .18569E+01
          .49193E+00  .49213E+00  .46753E+00  .51774E+00  .28151E+00
          .44042E+01  .61976E+01  .28813E+01  .15972E+01  .73808E+00
          .35851E+00  .17986E+00  .11004E+00  .75989E-01  .42008E-01
         -.62027E-01 -.17790E+00 -.28155E+00
         -.81467E+02 -.71588E+02 -.61709E+02 -.51831E+02 -.41952E+02
         -.32073E+02 -.22194E+02 -.13210E+02 -.80740E+01 -.51250E+01
         -.34220E+01 -.24320E+01 -.18500E+01 -.14990E+01 -.12860E+01
         -.10940E+01 -.10780E+01 -.12720E+01
          .39515E+02  .39515E+02  .39515E+02  .39515E+02  .39515E+02
          .39515E+02  .39515E+02  .28777E+02  .14815E+02  .89813E+01
          .50835E+01  .30007E+01  .17779E+01  .10839E+01  .65470E+00
          .16811E+00 -.79130E-01 -.25143E+00
         -.20390E+01 -.21650E+01 -.22920E+01 -.24210E+01 -.25520E+01
         -.26740E+01 -.25750E+01 -.22730E+01 -.21600E+01 -.22060E+01
         -.22920E+01 -.24060E+01 -.25890E+01 -.28400E+01 -.31370E+01
         -.38070E+01 -.45180E+01 -.59700E+01
         -.50402E+00 -.50395E+00 -.51617E+00 -.50336E+00 -.59037E+00
         -.17114E+00  .99893E+00  .98740E+00  .31449E-01 -.30920E+00
         -.37864E+00 -.57624E+00 -.88040E+00 -.11102E+01 -.12549E+01
         -.13980E+01 -.14389E+01 -.14586E+01
         -.24071E+01 -.22841E+01 -.21621E+01 -.20421E+01 -.19251E+01
         -.14111E+01  .15188E+00  .11139E+01  .16179E+01  .18649E+01
          .19759E+01  .20229E+01  .20439E+01  .20569E+01  .20699E+01
          .20739E+01  .20219E+01  .17839E+01
          .49439E+00  .48723E+00  .49671E+00  .42995E+00  .62750E+00
          .46321E+01  .57682E+01  .25950E+01  .14437E+01  .64208E+00
          .28395E+00  .11812E+00  .59562E-01  .51630E-01  .45920E-01
         -.42778E-01 -.16281E+00 -.27560E+00
         -.87930E+02 -.77286E+02 -.66642E+02 -.55998E+02 -.45354E+02
         -.34710E+02 -.24066E+02 -.14382E+02 -.88290E+01 -.56360E+01
         -.37930E+01 -.27230E+01 -.20920E+01 -.17070E+01 -.14670E+01
         -.12430E+01 -.12100E+01 -.13900E+01
          .42576E+02  .42576E+02  .42576E+02  .42576E+02  .42576E+02
          .42576E+02  .42576E+02  .31056E+02  .16043E+02  .97229E+01
          .54971E+01  .32448E+01  .19357E+01  .12043E+01  .74720E+00
          .21227E+00 -.54280E-01 -.24286E+00
         -.19780E+01 -.21040E+01 -.22310E+01 -.23590E+01 -.24890E+01
         -.26110E+01 -.25360E+01 -.22700E+01 -.21740E+01 -.22410E+01
         -.23680E+01 -.25220E+01 -.27280E+01 -.29880E+01 -.32870E+01
         -.39520E+01 -.46530E+01 -.60840E+01
         -.50365E+00 -.50470E+00 -.51355E+00 -.50109E+00 -.57810E+00
         -.21052E+00  .85619E+00  .87776E+00 -.23224E-01 -.43686E+00
         -.55733E+00 -.70581E+00 -.93943E+00 -.11285E+01 -.12547E+01
         -.13809E+01 -.14176E+01 -.14377E+01
         -.23461E+01 -.22231E+01 -.21011E+01 -.19801E+01 -.18621E+01
         -.14191E+01  .64880E-01  .10149E+01  .15149E+01  .17599E+01
          .18669E+01  .19049E+01  .19159E+01  .19239E+01  .19369E+01
          .19559E+01  .19179E+01  .16969E+01
          .49333E+00  .48934E+00  .48931E+00  .46943E+00  .50097E+00
          .42587E+01  .55883E+01  .25961E+01  .14273E+01  .63485E+00
          .25735E+00  .75735E-01  .27706E-01  .41440E-01  .58532E-01
         -.80713E-02 -.14025E+00 -.26138E+00
         -.99518E+02 -.87438E+02 -.75359E+02 -.63279E+02 -.51199E+02
         -.39119E+02 -.27039E+02 -.16066E+02 -.98470E+01 -.63050E+01
         -.42750E+01 -.31000E+01 -.24020E+01 -.19610E+01 -.16710E+01
         -.13790E+01 -.13140E+01 -.14680E+01
          .48320E+02  .48320E+02  .48320E+02  .48320E+02  .48320E+02
          .48320E+02  .48320E+02  .35037E+02  .17837E+02  .10748E+02
          .60362E+01  .35673E+01  .21706E+01  .14183E+01  .92817E+00
          .30635E+00 -.11583E-01 -.22521E+00
         -.19210E+01 -.20470E+01 -.21730E+01 -.23010E+01 -.24310E+01
         -.25290E+01 -.23570E+01 -.21120E+01 -.20680E+01 -.21690E+01
         -.22850E+01 -.23870E+01 -.25420E+01 -.27710E+01 -.30540E+01
         -.37100E+01 -.44150E+01 -.58620E+01
         -.50508E+00 -.50184E+00 -.51156E+00 -.49994E+00 -.58470E+00
          .10274E+00  .10618E+01  .65423E+00 -.21069E+00 -.49547E+00
         -.41143E+00 -.47481E+00 -.77333E+00 -.10399E+01 -.12112E+01
         -.13810E+01 -.14306E+01 -.14552E+01
         -.22891E+01 -.21661E+01 -.20431E+01 -.19221E+01 -.17991E+01
         -.10321E+01  .37788E+00  .11959E+01  .16189E+01  .18209E+01
          .19049E+01  .19329E+01  .19389E+01  .19419E+01  .19519E+01
          .19779E+01  .19499E+01  .17409E+01
          .50026E+00  .47548E+00  .54980E+00  .25330E+00  .13650E+01
          .49667E+01  .48922E+01  .22006E+01  .11974E+01  .50968E+00
          .19586E+00  .50894E-01  .85684E-02  .22834E-01  .56097E-01
          .13748E-01 -.12309E+00 -.25195E+00
         -.10614E+03 -.93281E+02 -.80425E+02 -.67569E+02 -.54713E+02
         -.41857E+02 -.29001E+02 -.17324E+02 -.10710E+02 -.69450E+01
         -.47880E+01 -.35390E+01 -.27840E+01 -.22790E+01 -.19290E+01
         -.15640E+01 -.14670E+01 -.16000E+01
          .51424E+02  .51424E+02  .51424E+02  .51424E+02  .51424E+02
          .51424E+02  .51424E+02  .37277E+02  .18962E+02  .11423E+02
          .64105E+01  .38072E+01  .24087E+01  .16781E+01  .11388E+01
          .40090E+00  .29580E-01 -.21429E+00
         -.18590E+01 -.19850E+01 -.21110E+01 -.22380E+01 -.23660E+01
         -.24390E+01 -.23040E+01 -.21850E+01 -.22270E+01 -.23730E+01
         -.25110E+01 -.26180E+01 -.27710E+01 -.29940E+01 -.32710E+01
         -.39120E+01 -.46020E+01 -.60170E+01
         -.50420E+00 -.50361E+00 -.50537E+00 -.51090E+00 -.51103E+00
          .14301E+00  .68298E+00  .17306E+00 -.45121E+00 -.62423E+00
         -.45989E+00 -.47621E+00 -.75526E+00 -.10147E+01 -.11858E+01
         -.13499E+01 -.14005E+01 -.14223E+01
         -.22301E+01 -.21061E+01 -.19831E+01 -.18611E+01 -.17141E+01
         -.72512E+00  .43288E+00  .10789E+01  .14059E+01  .15549E+01
          .16109E+01  .16249E+01  .16249E+01  .16339E+01  .16699E+01
          .17679E+01  .17869E+01  .16179E+01
          .51064E+00  .46672E+00  .58648E+00  .12735E+00  .21321E+01
          .49762E+01  .37272E+01  .17630E+01  .89684E+00  .36167E+00
          .11650E+00  .12345E-01  .21235E-02  .87161E-01  .18923E+00
          .14229E+00 -.56377E-01 -.22531E+00
         -.10653E+03 -.96162E+02 -.85798E+02 -.75433E+02 -.65069E+02
         -.54704E+02 -.44340E+02 -.33975E+02 -.23611E+02 -.14192E+02
         -.88340E+01 -.57650E+01 -.39950E+01 -.29660E+01 -.23660E+01
         -.18180E+01 -.16640E+01 -.17620E+01
          .41458E+02  .41458E+02  .41458E+02  .41458E+02  .41458E+02
          .41458E+02  .41458E+02  .41458E+02  .41458E+02  .30112E+02
          .15418E+02  .93418E+01  .52835E+01  .31124E+01  .18148E+01
          .57417E+00  .10048E+00 -.19724E+00
         -.18080E+01 -.19340E+01 -.20600E+01 -.21880E+01 -.23160E+01
         -.24480E+01 -.25830E+01 -.27240E+01 -.28730E+01 -.30330E+01
         -.31930E+01 -.31540E+01 -.28930E+01 -.27950E+01 -.28820E+01
         -.33680E+01 -.40270E+01 -.54710E+01
         -.50465E+00 -.50271E+00 -.50852E+00 -.51120E+00 -.51868E+00
         -.53409E+00 -.54896E+00 -.58208E+00 -.60271E+00 -.71508E+00
         -.37697E+00  .77097E+00  .89309E+00 -.35350E-01 -.61969E+00
         -.12151E+01 -.13898E+01 -.14711E+01
         -.21791E+01 -.20551E+01 -.19321E+01 -.18101E+01 -.16911E+01
         -.15751E+01 -.14631E+01 -.13591E+01 -.12641E+01 -.11771E+01
         -.99812E+00 -.23312E+00  .52288E+00  .10339E+01  .13649E+01
          .16909E+01  .17699E+01  .16329E+01
          .49697E+00  .49406E+00  .49078E+00  .48282E+00  .46993E+00
          .45746E+00  .43623E+00  .38962E+00  .39328E+00  .22126E+00
          .19137E+01  .34520E+01  .25302E+01  .16312E+01  .10492E+01
          .34260E+00  .10418E-01 -.21071E+00
         -.11350E+03 -.10245E+03 -.91410E+02 -.80365E+02 -.69321E+02
         -.58277E+02 -.47233E+02 -.36188E+02 -.25144E+02 -.15107E+02
         -.93970E+01 -.61280E+01 -.42450E+01 -.31530E+01 -.25160E+01
         -.19330E+01 -.17660E+01 -.18540E+01
          .44177E+02  .44177E+02  .44177E+02  .44177E+02  .44177E+02
          .44177E+02  .44177E+02  .44177E+02  .44177E+02  .32090E+02
          .16428E+02  .99457E+01  .56132E+01  .33017E+01  .19282E+01
          .61365E+00  .11722E+00 -.19061E+00
         -.17620E+01 -.18870E+01 -.20140E+01 -.21400E+01 -.22690E+01
         -.24000E+01 -.25340E+01 -.26690E+01 -.27790E+01 -.28730E+01
         -.29960E+01 -.30400E+01 -.28800E+01 -.28040E+01 -.28930E+01
         -.33740E+01 -.40290E+01 -.54660E+01
         -.49737E+00 -.50526E+00 -.50560E+00 -.50833E+00 -.52106E+00
         -.52743E+00 -.54922E+00 -.50369E+00 -.37601E+00 -.44027E+00
         -.46692E+00  .30396E+00  .64309E+00 -.44326E-01 -.62179E+00
         -.12026E+01 -.13837E+01 -.14637E+01
         -.21331E+01 -.20081E+01 -.18851E+01 -.17631E+01 -.16431E+01
         -.15261E+01 -.14121E+01 -.11941E+01 -.51912E+00  .68880E-01
          .39288E+00  .58388E+00  .80788E+00  .10909E+01  .13439E+01
          .16359E+01  .17119E+01  .15779E+01
          .50194E+00  .49613E+00  .48954E+00  .48569E+00  .47169E+00
          .47155E+00  .41410E+00  .18561E+01  .28776E+01  .17894E+01
          .90886E+00  .75518E+00  .10504E+01  .11271E+01  .87303E+00
          .33157E+00  .87026E-02 -.20535E+00
         -.12094E+03 -.10917E+03 -.97397E+02 -.85626E+02 -.73856E+02
         -.62085E+02 -.50315E+02 -.38544E+02 -.26774E+02 -.16077E+02
         -.99920E+01 -.65120E+01 -.45110E+01 -.33510E+01 -.26760E+01
         -.20570E+01 -.18760E+01 -.19550E+01
          .47082E+02  .47082E+02  .47082E+02  .47082E+02  .47082E+02
          .47082E+02  .47082E+02  .47082E+02  .47082E+02  .34200E+02
          .17501E+02  .10577E+02  .59627E+01  .35039E+01  .20417E+01
          .65585E+00  .13487E+00 -.18594E+00
         -.16950E+01 -.18210E+01 -.19470E+01 -.20730E+01 -.22010E+01
         -.23310E+01 -.24640E+01 -.25850E+01 -.26640E+01 -.27430E+01
         -.28730E+01 -.29710E+01 -.28870E+01 -.28310E+01 -.29220E+01
         -.33970E+01 -.40450E+01 -.54680E+01
         -.50387E+00 -.50426E+00 -.50308E+00 -.50742E+00 -.51523E+00
         -.52767E+00 -.53011E+00 -.39989E+00 -.27035E+00 -.41473E+00
         -.57872E+00 -.63843E-02  .43625E+00 -.58635E-01 -.62171E+00
         -.11865E+01 -.13705E+01 -.14493E+01
         -.20711E+01 -.19471E+01 -.18241E+01 -.17011E+01 -.15811E+01
         -.14631E+01 -.13391E+01 -.92212E+00 -.14912E+00  .36088E+00
          .62088E+00  .75488E+00  .88788E+00  .10809E+01  .12879E+01
          .15609E+01  .16369E+01  .15089E+01
          .49750E+00  .49300E+00  .49449E+00  .48102E+00  .49741E+00
          .38535E+00  .86520E+00  .26458E+01  .28314E+01  .14245E+01
          .71077E+00  .46047E+00  .65134E+00  .84617E+00  .76398E+00
          .32975E+00  .10998E-01 -.19750E+00
         -.13051E+03 -.11780E+03 -.10508E+03 -.92371E+02 -.79657E+02
         -.66944E+02 -.54230E+02 -.41517E+02 -.28803E+02 -.17252E+02
         -.10696E+02 -.69600E+01 -.48170E+01 -.35800E+01 -.28600E+01
         -.21990E+01 -.20030E+01 -.20720E+01
          .50854E+02  .50854E+02  .50854E+02  .50854E+02  .50854E+02
          .50854E+02  .50854E+02  .50854E+02  .50854E+02  .36904E+02
          .18815E+02  .11340E+02  .63716E+01  .37332E+01  .21796E+01
          .70225E+00  .15346E+00 -.18023E+00
         -.16330E+01 -.17590E+01 -.18840E+01 -.20110E+01 -.21390E+01
         -.22680E+01 -.23990E+01 -.25050E+01 -.25610E+01 -.26360E+01
         -.27720E+01 -.29150E+01 -.29180E+01 -.28950E+01 -.29870E+01
         -.34530E+01 -.40900E+01 -.54920E+01
         -.50556E+00 -.50088E+00 -.50294E+00 -.51138E+00 -.51153E+00
         -.52648E+00 -.50254E+00 -.30735E+00 -.21204E+00 -.41646E+00
         -.65409E+00 -.31516E+00  .16272E+00 -.95716E-01 -.60786E+00
         -.11654E+01 -.13484E+01 -.14288E+01
         -.20141E+01 -.18901E+01 -.17661E+01 -.16431E+01 -.15221E+01
         -.14041E+01 -.12601E+01 -.70012E+00  .63880E-01  .52388E+00
          .75288E+00  .85588E+00  .93388E+00  .10559E+01  .12149E+01
          .14639E+01  .15429E+01  .14229E+01
          .49617E+00  .49566E+00  .49719E+00  .47959E+00  .51244E+00
          .33864E+00  .12770E+01  .30013E+01  .26056E+01  .12642E+01
          .60570E+00  .29702E+00  .37823E+00  .59005E+00  .63355E+00
          .32857E+00  .20155E-01 -.19008E+00
         -.87316E+02 -.79652E+02 -.71988E+02 -.64323E+02 -.56659E+02
         -.48995E+02 -.41331E+02 -.33667E+02 -.26003E+02 -.18339E+02
         -.11373E+02 -.74060E+01 -.51320E+01 -.38200E+01 -.30570E+01
         -.23560E+01 -.21440E+01 -.22030E+01
          .30656E+02  .30656E+02  .30656E+02  .30656E+02  .30656E+02
          .30656E+02  .30656E+02  .30656E+02  .30656E+02  .30656E+02
          .22279E+02  .11422E+02  .69243E+01  .39128E+01  .23247E+01
          .74439E+00  .17577E+00 -.17638E+00
         -.15740E+01 -.16990E+01 -.18250E+01 -.19510E+01 -.20790E+01
         -.22080E+01 -.23360E+01 -.24170E+01 -.24210E+01 -.24620E+01
         -.25910E+01 -.27640E+01 -.28700E+01 -.29250E+01 -.30450E+01
         -.35170E+01 -.41440E+01 -.55160E+01
         -.49876E+00 -.50247E+00 -.50334E+00 -.50815E+00 -.51204E+00
         -.52769E+00 -.46118E+00 -.13557E+00 -.16525E-01 -.33832E+00
         -.67018E+00 -.60496E+00 -.25798E+00 -.29511E+00 -.66158E+00
         -.11523E+01 -.13232E+01 -.13964E+01
         -.19601E+01 -.18351E+01 -.17111E+01 -.15881E+01 -.14671E+01
         -.13471E+01 -.11811E+01 -.47112E+00  .33888E+00  .80588E+00
          .10339E+01  .11289E+01  .11669E+01  .12019E+01  .12639E+01
          .14109E+01  .14629E+01  .13379E+01
          .50140E+00  .49720E+00  .49779E+00  .47563E+00  .52769E+00
          .30561E+00  .16819E+01  .34790E+01  .26423E+01  .12757E+01
          .59479E+00  .22113E+00  .11668E+00  .18816E+00  .29470E+00
          .22548E+00 -.26299E-02 -.18619E+00
         -.92773E+02 -.84632E+02 -.76492E+02 -.68351E+02 -.60211E+02
         -.52071E+02 -.43930E+02 -.35790E+02 -.27649E+02 -.19509E+02
         -.12110E+02 -.78970E+01 -.54850E+01 -.40940E+01 -.32850E+01
         -.25420E+01 -.23140E+01 -.23630E+01
          .32562E+02  .32562E+02  .32562E+02  .32562E+02  .32562E+02
          .32562E+02  .32562E+02  .32562E+02  .32562E+02  .32562E+02
          .23665E+02  .12124E+02  .73409E+01  .41487E+01  .24642E+01
          .79137E+00  .19632E+00 -.17166E+00
         -.15190E+01 -.16440E+01 -.17700E+01 -.18960E+01 -.20230E+01
         -.21520E+01 -.22810E+01 -.23790E+01 -.24150E+01 -.24710E+01
         -.26000E+01 -.27760E+01 -.29260E+01 -.30360E+01 -.31830E+01
         -.36560E+01 -.42600E+01 -.55810E+01
         -.49887E+00 -.50226E+00 -.50410E+00 -.50534E+00 -.51055E+00
         -.52447E+00 -.48756E+00 -.24927E+00 -.12336E+00 -.36129E+00
         -.65149E+00 -.69274E+00 -.48956E+00 -.46903E+00 -.71832E+00
         -.11180E+01 -.12715E+01 -.13457E+01
         -.19081E+01 -.17841E+01 -.16601E+01 -.15371E+01 -.14151E+01
         -.12951E+01 -.11511E+01 -.61112E+00  .16488E+00  .64388E+00
          .88388E+00  .98588E+00  .10209E+01  .10419E+01  .10859E+01
          .12249E+01  .12889E+01  .11869E+01
          .49608E+00  .49583E+00  .49658E+00  .48185E+00  .51604E+00
          .35800E+00  .12199E+01  .29702E+01  .26912E+01  .13250E+01
          .63689E+00  .23146E+00  .81252E-01  .11553E+00  .23664E+00
          .23912E+00  .24864E-01 -.16543E+00
         -.98803E+02 -.90136E+02 -.81469E+02 -.72802E+02 -.64135E+02
         -.55468E+02 -.46802E+02 -.38135E+02 -.29468E+02 -.20801E+02
         -.12926E+02 -.84520E+01 -.58940E+01 -.44210E+01 -.35660E+01
         -.27760E+01 -.25150E+01 -.25190E+01
          .34667E+02  .34667E+02  .34667E+02  .34667E+02  .34667E+02
          .34667E+02  .34667E+02  .34667E+02  .34667E+02  .34667E+02
          .25165E+02  .12859E+02  .77812E+01  .43877E+01  .26038E+01
          .86181E+00  .25498E+00 -.13349E+00
         -.14670E+01 -.15920E+01 -.17180E+01 -.18440E+01 -.19710E+01
         -.20990E+01 -.22220E+01 -.22890E+01 -.23030E+01 -.23690E+01
         -.25140E+01 -.26970E+01 -.28170E+01 -.28680E+01 -.29740E+01
         -.34220E+01 -.40330E+01 -.53820E+01
         -.49884E+00 -.50232E+00 -.50389E+00 -.50613E+00 -.50760E+00
         -.52346E+00 -.41056E+00 -.11432E+00 -.10417E+00 -.42899E+00
         -.71187E+00 -.65954E+00 -.28596E+00 -.24863E+00 -.60352E+00
         -.11136E+01 -.12961E+01 -.13755E+01
         -.18601E+01 -.17351E+01 -.16111E+01 -.14881E+01 -.13651E+01
         -.12441E+01 -.10371E+01 -.30112E+00  .41688E+00  .82088E+00
          .10149E+01  .10909E+01  .11189E+01  .11459E+01  .11919E+01
          .12929E+01  .13409E+01  .12729E+01
          .50103E+00  .49794E+00  .49521E+00  .48521E+00  .51594E+00
          .37903E+00  .19039E+01  .33212E+01  .22591E+01  .11063E+01
          .49157E+00  .16738E+00  .86916E-01  .14496E+00  .20925E+00
          .16461E+00  .26325E-01 -.11516E+00
         -.10342E+03 -.94368E+02 -.85315E+02 -.76262E+02 -.67209E+02
         -.58156E+02 -.49102E+02 -.40049E+02 -.30996E+02 -.21943E+02
         -.13717E+02 -.90440E+01 -.63740E+01 -.48380E+01 -.39460E+01
         -.31190E+01 -.28280E+01 -.27930E+01
          .36213E+02  .36213E+02  .36213E+02  .36213E+02  .36213E+02
          .36213E+02  .36213E+02  .36213E+02  .36213E+02  .36213E+02
          .26287E+02  .13428E+02  .81171E+01  .45756E+01  .27164E+01
          .92047E+00  .30974E+00 -.10237E+00
         -.14160E+01 -.15410E+01 -.16670E+01 -.17920E+01 -.19190E+01
         -.20440E+01 -.21470E+01 -.22170E+01 -.23090E+01 -.24480E+01
         -.26200E+01 -.28000E+01 -.29270E+01 -.30030E+01 -.31230E+01
         -.35630E+01 -.41460E+01 -.54380E+01
         -.49851E+00 -.50297E+00 -.50160E+00 -.50263E+00 -.51186E+00
         -.47392E+00 -.32846E+00 -.28823E+00 -.46261E+00 -.63333E+00
         -.73607E+00 -.64640E+00 -.36233E+00 -.34029E+00 -.62850E+00
         -.10684E+01 -.12358E+01 -.13201E+01
         -.18121E+01 -.16871E+01 -.15631E+01 -.14391E+01 -.13171E+01
         -.11571E+01 -.57412E+00  .14788E+00  .57288E+00  .77788E+00
          .85388E+00  .86188E+00  .85088E+00  .85688E+00  .89288E+00
          .99288E+00  .10709E+01  .10809E+01
          .49998E+00  .50005E+00  .48783E+00  .52463E+00  .36563E+00
          .13968E+01  .29630E+01  .24110E+01  .11570E+01  .52118E+00
          .13034E+00 -.34521E-01 -.28251E-01  .87526E-01  .18215E+00
          .19606E+00  .10161E+00 -.35807E-01
         -.16094E+03 -.14893E+03 -.13691E+03 -.12490E+03 -.11288E+03
         -.10087E+03 -.88851E+02 -.76836E+02 -.64822E+02 -.52807E+02
         -.40792E+02 -.28777E+02 -.17862E+02 -.11676E+02 -.81530E+01
         -.49650E+01 -.38900E+01 -.34650E+01
          .48059E+02  .48059E+02  .48059E+02  .48059E+02  .48059E+02
          .48059E+02  .48059E+02  .48059E+02  .48059E+02  .48059E+02
          .48059E+02  .48059E+02  .34861E+02  .17708E+02  .10813E+02
          .33834E+01  .12310E+01  .21985E-01
         -.13700E+01 -.14950E+01 -.16210E+01 -.17460E+01 -.18730E+01
         -.20010E+01 -.21300E+01 -.22620E+01 -.23990E+01 -.25410E+01
         -.26910E+01 -.28520E+01 -.30240E+01 -.32090E+01 -.34070E+01
         -.37980E+01 -.42550E+01 -.54470E+01
         -.49850E+00 -.50299E+00 -.50154E+00 -.50287E+00 -.51099E+00
         -.51318E+00 -.52030E+00 -.53761E+00 -.55725E+00 -.58140E+00
         -.62116E+00 -.66597E+00 -.71098E+00 -.77413E+00 -.78849E+00
         -.81876E+00 -.10244E+01 -.12758E+01
         -.17691E+01 -.16431E+01 -.15191E+01 -.13961E+01 -.12731E+01
         -.11521E+01 -.10331E+01 -.91912E+00 -.81012E+00 -.70812E+00
         -.61512E+00 -.53212E+00 -.45812E+00 -.39312E+00 -.31512E+00
          .18688E+00  .69088E+00  .94388E+00
          .50582E+00  .50036E+00  .49274E+00  .49267E+00  .48856E+00
          .48107E+00  .46716E+00  .44629E+00  .42367E+00  .39103E+00
          .35221E+00  .31213E+00  .28326E+00  .22282E+00  .54146E+00
          .11896E+01  .73605E+00  .11477E-01
         -.10617E+03 -.98917E+02 -.91666E+02 -.84414E+02 -.77162E+02
         -.69910E+02 -.62658E+02 -.55406E+02 -.48154E+02 -.40902E+02
         -.33650E+02 -.26398E+02 -.19146E+02 -.12553E+02 -.88010E+01
         -.54100E+01 -.42680E+01 -.38090E+01
          .29008E+02  .29008E+02  .29008E+02  .29008E+02  .29008E+02
          .29008E+02  .29008E+02  .29008E+02  .29008E+02  .29008E+02
          .29008E+02  .29008E+02  .29008E+02  .21100E+02  .10731E+02
          .38089E+01  .12318E+01  .72614E-01
         -.12350E+01 -.13600E+01 -.14860E+01 -.16110E+01 -.17370E+01
         -.18640E+01 -.19930E+01 -.21230E+01 -.22560E+01 -.23950E+01
         -.25390E+01 -.26900E+01 -.28510E+01 -.30210E+01 -.32010E+01
         -.35820E+01 -.40180E+01 -.50910E+01
         -.49857E+00 -.50285E+00 -.50202E+00 -.50106E+00 -.50572E+00
         -.51205E+00 -.51809E+00 -.52359E+00 -.54354E+00 -.56623E+00
         -.58752E+00 -.62368E+00 -.66177E+00 -.70126E+00 -.73319E+00
         -.80435E+00 -.95142E+00 -.11338E+01
         -.16531E+01 -.15291E+01 -.14041E+01 -.12801E+01 -.11561E+01
         -.10351E+01 -.91512E+00 -.79812E+00 -.68612E+00 -.57912E+00
         -.48012E+00 -.38812E+00 -.30412E+00 -.22812E+00 -.15512E+00
          .11988E+00  .48788E+00  .75588E+00
          .49458E+00  .49884E+00  .49807E+00  .49687E+00  .49044E+00
          .48136E+00  .47612E+00  .45815E+00  .43928E+00  .41272E+00
          .38185E+00  .35190E+00  .32255E+00  .27788E+00  .35392E+00
          .72272E+00  .61319E+00  .95404E-01
         -.30000E+02 -.30000E+02 -.30000E+02 -.30000E+02 -.30000E+02
         -.30000E+02 -.30000E+02 -.30000E+02 -.30000E+02 -.30000E+02
         -.30000E+02 -.30000E+02 -.30000E+02 -.30000E+02 -.30000E+02
         -.30000E+02 -.30000E+02 -.30000E+02
          .00000E+00  .00000E+00  .00000E+00  .00000E+00  .00000E+00
          .00000E+00  .00000E+00  .00000E+00  .00000E+00  .00000E+00
          .00000E+00  .00000E+00  .00000E+00  .00000E+00  .00000E+00
          .00000E+00  .00000E+00  .00000E+00
         -.11190E+01 -.12440E+01 -.13700E+01 -.14950E+01 -.16210E+01
         -.17470E+01 -.18750E+01 -.20040E+01 -.21360E+01 -.22710E+01
         -.24110E+01 -.25580E+01 -.27110E+01 -.28720E+01 -.30420E+01
         -.34140E+01 -.38370E+01 -.48620E+01
         -.49855E+00 -.50289E+00 -.50187E+00 -.50161E+00 -.50369E+00
         -.50762E+00 -.51381E+00 -.52112E+00 -.53370E+00 -.54807E+00
         -.57403E+00 -.59981E+00 -.62673E+00 -.66128E+00 -.70015E+00
         -.78853E+00 -.91571E+00 -.10796E+01
         -.15501E+01 -.14251E+01 -.13021E+01 -.11771E+01 -.10531E+01
         -.93112E+00 -.81012E+00 -.69212E+00 -.57712E+00 -.46712E+00
         -.36312E+00 -.26612E+00 -.17512E+00 -.93120E-01 -.18120E-01
          .10688E+00  .20388E+00  .45188E+00
          .50276E+00  .49449E+00  .49529E+00  .50036E+00  .49129E+00
          .48649E+00  .47875E+00  .46652E+00  .45116E+00  .42882E+00
          .40155E+00  .37699E+00  .34650E+00  .31300E+00  .28550E+00
          .21099E+00  .20255E+00  .27072E+00
  
