   tcont2 Ip_div ref_ramp Ip_rd   trd_ref  ! control_data2.dat
  1.7   2.95   1.        1.e-15   30.
c_a_tpl1    c_a_tpl1_eob      c_a_tpl2     c_a_tpl_min       y0      c1_y0        c2_y0
   5           1.7               3            0.64           0.7       1.8          2.4
ktime  ! volt.dat
20
time    CSU3 CSU2 CS1 CSL2 CSL3   PF1 PF2 PF3 PF4 PF5 PF6
     2.000000e+00     0.000000e+00     0.000000e+00     0.000000e+00     0.000000e+00     0.000000e+00     0.000000e+00     0.000000e+00     0.000000e+00     0.000000e+00     0.000000e+00     0.000000e+00
     4.000000e+00     3.790490e+00     2.543241e+00     3.907014e+00     3.507434e+00    -8.161121e-01    -7.373888e+00    -2.734375e+01    -1.034440e+01    -8.265443e+00    -6.715109e+00    -2.861170e+00
     1.676364e+02     3.790614e+00     1.996047e+00    -9.085170e-01     2.838038e+00    -7.196403e-01    -6.416434e+00    -2.734375e+01     7.773407e+00     7.903348e+00    -1.402663e+00    -1.824603e+00
     3.312727e+02     3.790614e+00     1.952915e+00    -4.704329e-01     2.409077e+00    -1.281215e+00    -6.589755e+00    -2.734375e+01     5.426669e+00     5.017179e+00    -3.970095e+00    -2.219386e+00
     4.949091e+02     3.061811e+00     9.073400e-01    -2.268626e+00     1.088610e+00    -1.636838e+00    -7.297827e+00    -2.734375e+01    -3.046091e+00    -9.018016e+00    -1.037557e+01    -3.358754e+00
     6.585455e+02     3.098721e+00    -4.600878e-01    -6.135289e+00     7.495594e-01    -1.522980e+00    -7.405784e+00    -2.734375e+01    -1.596550e+01    -1.854032e+01    -1.452952e+01    -4.571180e+00
     8.221818e+02     3.136725e+00    -1.418449e-01     3.259223e+00    -1.596961e+00    -2.642318e+00    -7.406717e+00    -2.734375e+01    -1.694459e+01    -1.854032e+01    -1.452952e+01    -4.571180e+00
     9.858182e+02     2.787490e+00    -3.789930e+00     5.068043e+00    -3.790614e+00    -3.790614e+00    -8.402481e+00    -2.734375e+01    -1.694459e+01    -1.854032e+01    -1.452952e+01    -4.571180e+00
     1.149455e+03     3.656943e+00    -1.784226e+00     6.307570e+00    -3.790614e+00    -2.439461e+00    -2.980002e+00    -2.734375e+01    -1.694459e+01    -1.854032e+01    -1.452952e+01    -4.571180e+00
     1.313091e+03     3.603685e+00     1.011360e+00     1.089468e+00     2.796953e+00     7.198756e-01     1.825997e+00     7.367759e+00    -1.381111e+01    -1.847728e+01    -8.817266e+00    -2.968502e-01
     1.476727e+03     1.918623e+00     9.017058e-01     4.406194e-01     3.028636e+00     1.014150e+00     2.685746e+00    -1.123515e+01    -1.268843e+01    -1.603569e+01    -6.193741e+00     1.066204e+00
     1.640364e+03     1.162521e-02     7.916873e-01     3.307432e+00     2.811097e+00    -1.501752e-02     5.578303e+00    -7.856516e+00    -1.311281e+01    -1.424623e+01    -8.290538e+00     2.323120e+00
     1.804000e+03     7.620924e-02    -9.815680e-03     4.284897e+00     2.040188e+00     1.185064e-01     7.076317e+00    -5.574622e+00    -1.528868e+01    -1.480298e+01    -8.534488e+00     3.562407e+00
     2.004000e+03     1.578621e+00     4.594329e-01     4.618445e+00    -8.142497e-02     1.256491e+00     7.805250e+00    -1.247648e+01    -1.601718e+01    -1.639378e+01    -9.964859e+00     3.553878e+00
     2.504000e+03     6.462912e-01    -1.072368e+00     1.662285e+00    -1.760081e+00    -9.224589e-01     1.565788e+00    -1.014416e+01    -1.561246e+01    -1.785774e+01    -1.068225e+01    -1.256051e+00
     3.004000e+03    -6.676448e-01    -2.295609e+00    -1.994417e+00    -1.839715e+00    -1.554680e+00    -1.117547e+00    -1.019231e+01    -1.301370e+01    -1.614212e+01    -9.118669e+00    -1.956026e+00
     3.504000e+03    -1.428053e+00    -1.924776e+00    -3.568058e+00    -3.184747e-01    -1.819581e+00    -3.027191e+00    -1.150321e+01    -9.136198e+00    -1.306476e+01    -9.692672e+00    -2.231654e+00
     7.500000e+03    -1.926100e+00    -3.441900e+00    -5.914600e+00    -2.816800e+00    -1.392500e+00     6.999100e-02    -2.590700e+00    -5.268400e+00    -8.565500e+00    -9.143300e+00     4.260000e+00
     2.000000e+04     0.000000e+00     0.000000e+00     0.000000e+00     0.000000e+00     0.000000e+00     0.000000e+00     0.000000e+00     0.000000e+00     0.000000e+00     0.000000e+00     0.000000e+00
     9.000000e+08     0.000000e+00     0.000000e+00     0.000000e+00     0.000000e+00     0.000000e+00     0.000000e+00     0.000000e+00     0.000000e+00     0.000000e+00     0.000000e+00     0.000000e+00 
ktime  ! elong_ref.dat
 6
time[S],elong_ref.dat
  0.     1.1
  3.5    1.1
  7.5    1.3100
  12     1.6700
  18     1.7200
  100    1.7700 
ktime  ! g1.dat
 2
time
  0.    0.
  6000.   0. 
ktime  ! g1_term.dat
 3
time
  0.              0.
  1.000000e+001  -10.
  3.000000e+001  -10. 
ktime  ! g2.dat
 2
time
  0      0.
  6000   0. 
ktime   ! g2_term.dat
  3
time
  0.              0.
  5.000000e+000   0.
  3.000000e+001   0. 
ktime  ! g3.dat
  6
time
  0.   770.5
  3.   775
  3.5  775
  7.5  803
  12.  820
  5000  820
ktime  ! g3_term.dat
 3
time
  0.             820
  5.000000e+000  810
  3.000000e+001  810 
ktime  ! g4.dat
 6
time
  0.    153.14
  3.5   153.14
  12    30.
  18    23.
  90    19.
  6000   19. 
ktime  ! g4_term.dat
 4
time
  0.             23.
  1.400000e+001  77.
  2.000000e+001  110.0000
  3.000000e+001  165.0000 
ktime  ! g5.dat
 5
time
  0.   264.3
  3.5  264.3
  12   100.
  18   59.
  3000 59. 
ktime   ! g5_term.dat
 4
time
  0.             59.
  1.400000e+001  200.0000
  2.000000e+001  252.0000
  3.000000e+001  373.0000 
ktime  ! g6.dat
  6
time
  0.   410.5
  3.5  410.5
  10   410.5
  12   417.0
  18   419.4
  6000 419.4 
ktime  ! g6_term.dat
  3
time
  0.             419.4000
  1.400000e+001  430.0000
  3.000000e+001  430.0000 
   VS1_max(V)    VS3_max(V)  CS3U_max(V)  CS2U_max(V)  CS1_max(V)  CS2L_max(V) CS3L_max(V)       PF1_max(V)  PF2_max(V) PF3_max(V) PF4_max(V) PF5_max(V) PF6_max(V)      Tu(s) ! control_data.dat
  6e3           575.        2.1e3 2.1e3 4.2e3 2.1e3 2.1e3   2.1e3 3.15e3 3.15e3 3.15e3 3.15e3 2.1e3     0.04
 c_cur_max      CS3U_max(kA)  CS2U_max(kA)  CS1_max(kA)  CS2L_max(kA) CS3L_max(kA)        PF1_max(kA)  PF2_max(kA) PF3_max(kA) PF4_max(kA) PF5_max(kA) PF6_max(kA)
  0.98        45.  45.  45.  45.  45.   48.  55.  55.  55.  52.  52.
CS3U CS2U CS1 CS2L CS3L PF1 PF2 PF3 PF4 PF5 PF6 VS3 Virt1 Virt2 Virt3 Virt4 Virt5 ! n_turn
554. 554. 554. 554. 554. 248.6 115.2 185.9 169.9 216.8 459.4 1 1 1 1 1 1  
 