     20    18
          .43400E+01  .31700E+02  .45800E+02  .61100E+02  .82700E+02
          .10000E+03  .11800E+03  .15500E+03  .17600E+03  .50400E+03
          .56500E+03  .62900E+03  .71500E+03  .78700E+03  .86100E+03
          .96800E+03  .10340E+04  .46110E+04  .49340E+04  .00000E+00
         -.50000E+00 -.25000E+00  .00000E+00  .25000E+00  .50000E+00
          .75000E+00  .10000E+01  .12500E+01  .15000E+01  .17500E+01
          .20000E+01  .22500E+01  .25000E+01  .27500E+01  .30000E+01
          .35000E+01  .40000E+01  .50000E+01
         -.50860E+01 -.23720E+01 -.81000E+00  .96000E-01  .62500E+00
          .94000E+00  .11390E+01  .12720E+01  .13600E+01  .14080E+01
          .14230E+01  .14110E+01  .13790E+01  .13320E+01  .12740E+01
          .11330E+01  .97000E+00  .60500E+00
          .11927E+02  .87131E+01  .45323E+01  .27738E+01  .15927E+01
          .98352E+00  .64125E+00  .43549E+00  .26878E+00  .12138E+00
          .17019E-02 -.92186E-01 -.16096E+00 -.21198E+00 -.25111E+00
         -.30737E+00 -.34341E+00 -.37579E+00
         -.30000E+02 -.30000E+02 -.30000E+02 -.30000E+02 -.30000E+02
         -.30000E+02 -.30000E+02 -.30000E+02 -.30000E+02 -.30000E+02
         -.30000E+02 -.30000E+02 -.30000E+02 -.30000E+02 -.30000E+02
         -.30000E+02 -.30000E+02 -.30000E+02
          .00000E+00  .00000E+00  .00000E+00  .00000E+00  .00000E+00
          .00000E+00  .00000E+00  .00000E+00  .00000E+00  .00000E+00
          .00000E+00  .00000E+00  .00000E+00  .00000E+00  .00000E+00
          .00000E+00  .00000E+00  .00000E+00
         -.27421E+01 -.53912E+00  .77288E+00  .15699E+01  .20499E+01
          .23409E+01  .25269E+01  .26529E+01  .27349E+01  .27809E+01
          .27939E+01  .27809E+01  .27489E+01  .27019E+01  .26429E+01
          .25029E+01  .23409E+01  .19759E+01
          .96401E+01  .71559E+01  .39165E+01  .24861E+01  .14630E+01
          .91397E+00  .60513E+00  .40951E+00  .25284E+00  .11513E+00
         -.53643E-02 -.93673E-01 -.15994E+00 -.21456E+00 -.25383E+00
         -.30392E+00 -.34248E+00 -.37626E+00
         -.36491E+02 -.24561E+02 -.13724E+02 -.75790E+01 -.40730E+01
         -.20510E+01 -.86400E+00 -.15300E+00  .27800E+00  .53600E+00
          .68400E+00  .75900E+00  .78500E+00  .77900E+00  .74900E+00
          .64600E+00  .50700E+00  .16900E+00
          .47718E+02  .47718E+02  .34608E+02  .17636E+02  .10662E+02
          .60530E+01  .36342E+01  .21861E+01  .13255E+01  .77988E+00
          .42698E+00  .18820E+00  .32210E-01 -.77041E-01 -.15605E+00
         -.24764E+00 -.30540E+00 -.35430E+00
         -.44130E+01 -.45890E+01 -.47420E+01 -.43700E+01 -.38680E+01
         -.36830E+01 -.36760E+01 -.37620E+01 -.39280E+01 -.41600E+01
         -.44390E+01 -.47470E+01 -.50720E+01 -.54070E+01 -.57480E+01
         -.64390E+01 -.71360E+01 -.85370E+01
         -.59355E+00 -.92491E+00  .34518E+00  .21722E+01  .14540E+01
          .25581E+00 -.17325E+00 -.51080E+00 -.80753E+00 -.10351E+01
         -.11842E+01 -.12721E+01 -.13234E+01 -.13541E+01 -.13720E+01
         -.13896E+01 -.13975E+01 -.14027E+01
         -.48161E+01 -.38801E+01 -.99112E+00  .64688E+00  .15529E+01
          .20609E+01  .23659E+01  .25629E+01  .26919E+01  .27679E+01
          .28039E+01  .28089E+01  .27909E+01  .27539E+01  .27039E+01
          .25749E+01  .24199E+01  .20649E+01
          .13406E+01  .85508E+01  .10356E+02  .43480E+01  .27797E+01
          .15010E+01  .97215E+00  .63438E+00  .40232E+00  .21633E+00
          .76362E-01 -.29776E-01 -.11326E+00 -.17720E+00 -.22194E+00
         -.28794E+00 -.33029E+00 -.36735E+00
         -.39626E+02 -.29910E+02 -.20194E+02 -.11366E+02 -.63510E+01
         -.34770E+01 -.18020E+01 -.80800E+00 -.21000E+00  .14800E+00
          .35900E+00  .47400E+00  .52800E+00  .53900E+00  .52200E+00
          .43500E+00  .30500E+00 -.23000E-01
          .38864E+02  .38864E+02  .38864E+02  .28208E+02  .14420E+02
          .87800E+01  .50479E+01  .30564E+01  .18306E+01  .10932E+01
          .62446E+00  .32093E+00  .11984E+00 -.20273E-01 -.11074E+00
         -.22500E+00 -.29127E+00 -.34636E+00
         -.35870E+01 -.37310E+01 -.38810E+01 -.40370E+01 -.40400E+01
         -.36070E+01 -.32350E+01 -.30620E+01 -.30770E+01 -.32290E+01
         -.34670E+01 -.37560E+01 -.40750E+01 -.44110E+01 -.47580E+01
         -.54650E+01 -.61830E+01 -.76300E+01
         -.57397E+00 -.58006E+00 -.63380E+00 -.55674E+00  .95277E+00
          .19057E+01  .10846E+01  .29606E+00 -.37282E+00 -.80878E+00
         -.10720E+01 -.12270E+01 -.13158E+01 -.13699E+01 -.14006E+01
         -.14268E+01 -.14424E+01 -.14493E+01
         -.40101E+01 -.39091E+01 -.38001E+01 -.16651E+01  .33588E+00
          .14259E+01  .20199E+01  .23509E+01  .25399E+01  .26469E+01
          .26999E+01  .27169E+01  .27069E+01  .26769E+01  .26319E+01
          .25089E+01  .23579E+01  .20079E+01
          .97120E+00 -.73039E+00  .44704E+01  .97770E+01  .60538E+01
          .30997E+01  .17552E+01  .97952E+00  .56675E+00  .30548E+00
          .13133E+00  .92109E-02 -.84170E-01 -.15253E+00 -.20571E+00
         -.27868E+00 -.32357E+00 -.36321E+00
         -.52867E+02 -.39950E+02 -.27033E+02 -.15300E+02 -.86520E+01
         -.48630E+01 -.26780E+01 -.14010E+01 -.64900E+00 -.20600E+00
          .52000E-01  .19500E+00  .26700E+00  .29100E+00  .28400E+00
          .21000E+00  .88000E-01 -.23100E+00
          .51668E+02  .51668E+02  .51668E+02  .37460E+02  .19066E+02
          .11522E+02  .65346E+01  .38837E+01  .22786E+01  .13420E+01
          .76529E+00  .40880E+00  .17951E+00  .25164E-01 -.76167E-01
         -.20533E+00 -.27852E+00 -.33924E+00
         -.32940E+01 -.34320E+01 -.35770E+01 -.37290E+01 -.37600E+01
         -.33490E+01 -.29850E+01 -.27730E+01 -.27310E+01 -.28430E+01
         -.30590E+01 -.33390E+01 -.36560E+01 -.39940E+01 -.43450E+01
         -.50640E+01 -.57940E+01 -.72630E+01
         -.54662E+00 -.56277E+00 -.59832E+00 -.60796E+00  .83415E+00
          .18313E+01  .11405E+01  .51876E+00 -.16752E+00 -.68868E+00
         -.10138E+01 -.12082E+01 -.13173E+01 -.13827E+01 -.14201E+01
         -.14522E+01 -.14653E+01 -.14708E+01
         -.36961E+01 -.35901E+01 -.34881E+01 -.19901E+01  .14488E+00
          .13129E+01  .19359E+01  .22699E+01  .24549E+01  .25579E+01
          .26099E+01  .26269E+01  .26169E+01  .25879E+01  .25439E+01
          .24239E+01  .22749E+01  .19269E+01
          .76288E+00 -.25376E+00  .27482E+01  .84612E+01  .70032E+01
          .31620E+01  .18407E+01  .95919E+00  .55056E+00  .29457E+00
          .13117E+00  .87410E-02 -.82137E-01 -.14819E+00 -.20110E+00
         -.27305E+00 -.32071E+00 -.36165E+00
         -.50542E+02 -.40681E+02 -.30821E+02 -.20960E+02 -.11998E+02
         -.68940E+01 -.39560E+01 -.22480E+01 -.12500E+01 -.66500E+00
         -.32400E+00 -.12900E+00 -.25000E-01  .20000E-01  .27000E-01
         -.29000E-01 -.14200E+00 -.45200E+00
          .39443E+02  .39443E+02  .39443E+02  .39443E+02  .28658E+02
          .14716E+02  .89799E+01  .51158E+01  .30289E+01  .17647E+01
          .10241E+01  .57070E+00  .28108E+00  .92987E-01 -.29026E-01
         -.17982E+00 -.26570E+00 -.33215E+00
         -.30720E+01 -.32070E+01 -.33470E+01 -.34940E+01 -.36300E+01
         -.34460E+01 -.30340E+01 -.27630E+01 -.26540E+01 -.27120E+01
         -.28930E+01 -.31530E+01 -.34600E+01 -.37930E+01 -.41420E+01
         -.48620E+01 -.55940E+01 -.70670E+01
         -.53232E+00 -.55536E+00 -.54623E+00 -.70372E+00 -.34903E-01
          .14193E+01  .15096E+01  .73833E+00  .97090E-01 -.51469E+00
         -.90633E+00 -.11520E+01 -.12896E+01 -.13694E+01 -.14168E+01
         -.14565E+01 -.14692E+01 -.14749E+01
         -.34641E+01 -.33521E+01 -.32471E+01 -.30511E+01 -.84912E+00
          .72988E+00  .15789E+01  .20269E+01  .22659E+01  .23949E+01
          .24629E+01  .24909E+01  .24889E+01  .24659E+01  .24269E+01
          .23139E+01  .21689E+01  .18259E+01
          .31794E+00  .70812E+00 -.54643E+00  .50896E+01  .89640E+01
          .44263E+01  .24667E+01  .12710E+01  .69331E+00  .37177E+00
          .18361E+00  .45802E-01 -.54817E-01 -.12653E+00 -.18305E+00
         -.26264E+00 -.31440E+00 -.35730E+00
         -.61220E+02 -.49321E+02 -.37423E+02 -.25524E+02 -.14712E+02
         -.85630E+01 -.50250E+01 -.29680E+01 -.17660E+01 -.10610E+01
         -.64900E+00 -.41100E+00 -.28100E+00 -.21800E+00 -.19900E+00
         -.24100E+00 -.34700E+00 -.64900E+00
          .47595E+02  .47595E+02  .47595E+02  .47595E+02  .34555E+02
          .17719E+02  .10815E+02  .61611E+01  .36487E+01  .21282E+01
          .12424E+01  .70202E+00  .36547E+00  .15211E+00  .10083E-01
         -.16072E+00 -.25519E+00 -.32540E+00
         -.28850E+01 -.30170E+01 -.31530E+01 -.32950E+01 -.34090E+01
         -.31800E+01 -.28440E+01 -.26750E+01 -.26120E+01 -.26700E+01
         -.28430E+01 -.30960E+01 -.33980E+01 -.37280E+01 -.40750E+01
         -.47930E+01 -.55240E+01 -.69950E+01
         -.52132E+00 -.54135E+00 -.52927E+00 -.67756E+00  .16751E+00
          .13875E+01  .10624E+01  .42301E+00  .29614E-01 -.48147E+00
         -.87575E+00 -.11275E+01 -.12742E+01 -.13599E+01 -.14104E+01
         -.14541E+01 -.14673E+01 -.14728E+01
         -.32721E+01 -.31561E+01 -.30471E+01 -.27661E+01 -.59412E+00
          .84488E+00  .16129E+01  .20089E+01  .22099E+01  .23119E+01
          .23619E+01  .23809E+01  .23769E+01  .23519E+01  .23129E+01
          .22009E+01  .20569E+01  .17159E+01
          .36349E+00  .66501E+00 -.32354E+00  .53092E+01  .85229E+01
          .39311E+01  .22366E+01  .10904E+01  .56587E+00  .28216E+00
          .12948E+00  .27901E-01 -.61086E-01 -.13156E+00 -.18069E+00
         -.26073E+00 -.31237E+00 -.35532E+00
         -.49449E+02 -.41493E+02 -.33538E+02 -.25582E+02 -.17627E+02
         -.10384E+02 -.62030E+01 -.37610E+01 -.23320E+01 -.14950E+01
         -.10040E+01 -.71900E+00 -.55900E+00 -.47800E+00 -.44700E+00
         -.47500E+00 -.57200E+00 -.86700E+00
          .31822E+02  .31822E+02  .31822E+02  .31822E+02  .31822E+02
          .23272E+02  .12177E+02  .74967E+01  .42883E+01  .25419E+01
          .14799E+01  .85050E+00  .45810E+00  .20908E+00  .49565E-01
         -.13956E+00 -.24134E+00 -.32183E+00
         -.27400E+01 -.28710E+01 -.30040E+01 -.31430E+01 -.32740E+01
         -.31620E+01 -.28430E+01 -.26870E+01 -.26570E+01 -.27330E+01
         -.29080E+01 -.31590E+01 -.34580E+01 -.37860E+01 -.41300E+01
         -.48430E+01 -.55690E+01 -.70290E+01
         -.52053E+00 -.53094E+00 -.52370E+00 -.63826E+00 -.16328E+00
          .10634E+01  .10818E+01  .30926E+00 -.86905E-01 -.51364E+00
         -.87052E+00 -.11163E+01 -.12643E+01 -.13504E+01 -.13981E+01
         -.14448E+01 -.14568E+01 -.14616E+01
         -.31221E+01 -.30041E+01 -.28911E+01 -.27611E+01 -.10971E+01
          .50288E+00  .13659E+01  .18129E+01  .20359E+01  .21429E+01
          .21939E+01  .22139E+01  .22109E+01  .21899E+01  .21529E+01
          .20439E+01  .19039E+01  .15659E+01
          .36641E+00  .68318E+00 -.32712E+00  .35413E+01  .76899E+01
          .48669E+01  .23983E+01  .12598E+01  .60251E+00  .29015E+00
          .13288E+00  .30328E-01 -.50195E-01 -.11755E+00 -.17562E+00
         -.25321E+00 -.30556E+00 -.35422E+00
         -.64188E+02 -.53802E+02 -.43417E+02 -.33031E+02 -.22646E+02
         -.13211E+02 -.78580E+01 -.48040E+01 -.30500E+01 -.20330E+01
         -.14320E+01 -.10610E+01 -.82200E+00 -.67400E+00 -.59100E+00
         -.55300E+00 -.61300E+00 -.87300E+00
          .41542E+02  .41542E+02  .41542E+02  .41542E+02  .41542E+02
          .30137E+02  .15368E+02  .92765E+01  .52224E+01  .30860E+01
          .18498E+01  .11790E+01  .75442E+00  .44736E+00  .22814E+00
         -.43537E-01 -.18599E+00 -.29701E+00
         -.26160E+01 -.27450E+01 -.28770E+01 -.30130E+01 -.31090E+01
         -.28670E+01 -.25740E+01 -.24920E+01 -.24890E+01 -.25170E+01
         -.26350E+01 -.28460E+01 -.31210E+01 -.34370E+01 -.37750E+01
         -.44870E+01 -.52170E+01 -.66890E+01
         -.51061E+00 -.52679E+00 -.51424E+00 -.63224E+00  .25919E+00
          .13475E+01  .77091E+00  .68892E-01 -.26478E-01 -.26298E+00
         -.67361E+00 -.99058E+00 -.11961E+01 -.13172E+01 -.13832E+01
         -.14505E+01 -.14667E+01 -.14746E+01
         -.29941E+01 -.28751E+01 -.27591E+01 -.25341E+01 -.58912E+00
          .80688E+00  .15519E+01  .19319E+01  .21149E+01  .21979E+01
          .22329E+01  .22459E+01  .22529E+01  .22549E+01  .22489E+01
          .21949E+01  .20919E+01  .17969E+01
          .36997E+00  .68806E+00 -.30223E+00  .46128E+01  .78908E+01
          .39158E+01  .21378E+01  .10328E+01  .48688E+00  .21167E+00
          .82455E-01  .34514E-01  .19490E-01 -.44744E-02 -.49594E-01
         -.16149E+00 -.24646E+00 -.31927E+00
         -.73047E+02 -.61271E+02 -.49494E+02 -.37717E+02 -.25940E+02
         -.15242E+02 -.91780E+01 -.57240E+01 -.37420E+01 -.25950E+01
         -.19090E+01 -.14630E+01 -.11580E+01 -.96000E+00 -.84200E+00
         -.76500E+00 -.80700E+00 -.10500E+01
          .47107E+02  .47107E+02  .47107E+02  .47107E+02  .47107E+02
          .34161E+02  .17392E+02  .10487E+02  .58939E+01  .34861E+01
          .21579E+01  .14664E+01  .98862E+00  .61514E+00  .34280E+00
          .69048E-02 -.16042E+00 -.28429E+00
         -.24890E+01 -.26170E+01 -.27480E+01 -.28800E+01 -.29330E+01
         -.27230E+01 -.25660E+01 -.25830E+01 -.26500E+01 -.27040E+01
         -.28200E+01 -.30230E+01 -.32920E+01 -.36020E+01 -.39360E+01
         -.46390E+01 -.53610E+01 -.68200E+01
         -.50967E+00 -.51666E+00 -.53169E+00 -.51257E+00  .36196E+00
          .94871E+00  .24718E+00 -.25744E+00 -.22543E+00 -.29283E+00
         -.64326E+00 -.96213E+00 -.11722E+01 -.12970E+01 -.13679E+01
         -.14324E+01 -.14523E+01 -.14624E+01
         -.28691E+01 -.27481E+01 -.26311E+01 -.20881E+01 -.24312E+00
          .86088E+00  .14409E+01  .17309E+01  .18629E+01  .19169E+01
          .19369E+01  .19469E+01  .19669E+01  .19949E+01  .20149E+01
          .20019E+01  .19239E+01  .16519E+01
          .49768E+00  .45664E+00  .53176E+00  .53363E+01  .67790E+01
          .29358E+01  .16859E+01  .76046E+00  .33622E+00  .12665E+00
          .45184E-01  .52617E-01  .10435E+00  .10599E+00  .47679E-01
         -.96062E-01 -.20943E+00 -.30328E+00
         -.87593E+02 -.76918E+02 -.66243E+02 -.55569E+02 -.44894E+02
         -.34219E+02 -.23544E+02 -.13845E+02 -.83360E+01 -.51820E+01
         -.33590E+01 -.22970E+01 -.16760E+01 -.13140E+01 -.11060E+01
         -.94400E+00 -.95000E+00 -.11650E+01
          .42699E+02  .42699E+02  .42699E+02  .42699E+02  .42699E+02
          .42699E+02  .42699E+02  .30989E+02  .15839E+02  .96092E+01
          .54480E+01  .32190E+01  .18721E+01  .10887E+01  .61300E+00
          .10855E+00 -.11120E+00 -.26690E+00
         -.23930E+01 -.25210E+01 -.26500E+01 -.27830E+01 -.29200E+01
         -.30630E+01 -.32150E+01 -.33780E+01 -.35490E+01 -.35190E+01
         -.30800E+01 -.28390E+01 -.28480E+01 -.30130E+01 -.32680E+01
         -.39100E+01 -.46230E+01 -.61020E+01
         -.51185E+00 -.51231E+00 -.52293E+00 -.53996E+00 -.55722E+00
         -.59117E+00 -.61811E+00 -.71637E+00 -.52439E+00  .11219E+01
          .16647E+01  .37931E+00 -.39792E+00 -.87564E+00 -.11395E+01
         -.13837E+01 -.14559E+01 -.14906E+01
         -.27711E+01 -.26491E+01 -.25311E+01 -.24161E+01 -.23071E+01
         -.22051E+01 -.21121E+01 -.20291E+01 -.18781E+01 -.70812E+00
          .40588E+00  .10879E+01  .14989E+01  .17439E+01  .18839E+01
          .19799E+01  .19469E+01  .17129E+01
          .49186E+00  .48028E+00  .46701E+00  .44769E+00  .43023E+00
          .36339E+00  .45620E+00 -.76182E-01  .26565E+01  .53021E+01
          .35432E+01  .20771E+01  .12643E+01  .73764E+00  .40514E+00
          .29887E-01 -.14669E+00 -.27766E+00
         -.98096E+02 -.86142E+02 -.74188E+02 -.62234E+02 -.50279E+02
         -.38325E+02 -.26371E+02 -.15510E+02 -.93430E+01 -.58150E+01
         -.37790E+01 -.25960E+01 -.19040E+01 -.15010E+01 -.12690E+01
         -.10810E+01 -.10760E+01 -.12810E+01
          .47817E+02  .47817E+02  .47817E+02  .47817E+02  .47817E+02
          .47817E+02  .47817E+02  .34699E+02  .17725E+02  .10742E+02
          .60753E+01  .35847E+01  .20860E+01  .12113E+01  .68865E+00
          .14145E+00 -.96435E-01 -.25928E+00
         -.23170E+01 -.24450E+01 -.25730E+01 -.27050E+01 -.28400E+01
         -.29820E+01 -.31290E+01 -.32560E+01 -.33370E+01 -.33440E+01
         -.30620E+01 -.28370E+01 -.28330E+01 -.29870E+01 -.32350E+01
         -.38700E+01 -.45800E+01 -.60550E+01
         -.51302E+00 -.50995E+00 -.51917E+00 -.53338E+00 -.55130E+00
         -.58543E+00 -.57497E+00 -.40268E+00 -.31031E+00  .58790E+00
          .12587E+01  .46133E+00 -.35600E+00 -.83732E+00 -.11187E+01
         -.13750E+01 -.14514E+01 -.14868E+01
         -.26901E+01 -.25681E+01 -.24491E+01 -.23331E+01 -.22221E+01
         -.21171E+01 -.17461E+01 -.59912E+00  .15888E+00  .56288E+00
          .84788E+00  .11709E+01  .14729E+01  .16889E+01  .18219E+01
          .19189E+01  .18879E+01  .16579E+01
          .49041E+00  .48317E+00  .46890E+00  .46123E+00  .41020E+00
          .48999E+00  .33419E+01  .43586E+01  .20837E+01  .12505E+01
          .11824E+01  .13160E+01  .10538E+01  .68489E+00  .39467E+00
          .36216E-01 -.14353E+00 -.27323E+00
         -.10912E+03 -.95823E+02 -.82526E+02 -.69230E+02 -.55933E+02
         -.42636E+02 -.29339E+02 -.17258E+02 -.10398E+02 -.64750E+01
         -.42150E+01 -.29040E+01 -.21400E+01 -.16940E+01 -.14370E+01
         -.12230E+01 -.12070E+01 -.14040E+01
          .53187E+02  .53187E+02  .53187E+02  .53187E+02  .53187E+02
          .53187E+02  .53187E+02  .38597E+02  .19716E+02  .11936E+02
          .67379E+01  .39647E+01  .23034E+01  .13417E+01  .76575E+00
          .17409E+00 -.82125E-01 -.25444E+00
         -.22100E+01 -.23370E+01 -.24650E+01 -.25950E+01 -.27290E+01
         -.28670E+01 -.30040E+01 -.30890E+01 -.31280E+01 -.31790E+01
         -.30410E+01 -.28500E+01 -.28400E+01 -.29840E+01 -.32250E+01
         -.38530E+01 -.45580E+01 -.60260E+01
         -.50723E+00 -.50954E+00 -.51461E+00 -.52802E+00 -.54131E+00
         -.57074E+00 -.47572E+00 -.19037E+00 -.25081E+00  .11361E+00
          .84036E+00  .47293E+00 -.32010E+00 -.80054E+00 -.10977E+01
         -.13645E+01 -.14424E+01 -.14808E+01
         -.25891E+01 -.24671E+01 -.23461E+01 -.22281E+01 -.21151E+01
         -.19991E+01 -.12831E+01 -.15012E+00  .49888E+00  .82988E+00
          .10179E+01  .12109E+01  .14319E+01  .16189E+01  .17449E+01
          .18429E+01  .18159E+01  .15889E+01
          .48612E+00  .49176E+00  .46285E+00  .52484E+00  .20978E+00
          .13840E+01  .42381E+01  .38515E+01  .17398E+01  .94910E+00
          .69175E+00  .85591E+00  .85260E+00  .62968E+00  .38467E+00
          .44589E-01 -.13703E+00 -.27198E+00
         -.79654E+02 -.71067E+02 -.62480E+02 -.53892E+02 -.45305E+02
         -.36718E+02 -.28131E+02 -.19544E+02 -.11738E+02 -.72890E+01
         -.47400E+01 -.32700E+01 -.24160E+01 -.19190E+01 -.16310E+01
         -.13860E+01 -.13570E+01 -.15430E+01
          .34348E+02  .34348E+02  .34348E+02  .34348E+02  .34348E+02
          .34348E+02  .34348E+02  .34348E+02  .24975E+02  .12811E+02
          .77576E+01  .43869E+01  .25830E+01  .14932E+01  .86408E+00
          .21103E+00 -.64192E-01 -.24690E+00
         -.21150E+01 -.22410E+01 -.23690E+01 -.24980E+01 -.26300E+01
         -.27660E+01 -.28880E+01 -.29330E+01 -.29580E+01 -.30460E+01
         -.30520E+01 -.29240E+01 -.29070E+01 -.30370E+01 -.32670E+01
         -.38810E+01 -.45790E+01 -.60350E+01
         -.50197E+00 -.50805E+00 -.51382E+00 -.52067E+00 -.53551E+00
         -.55328E+00 -.34736E+00 -.61293E-01 -.24747E+00 -.30481E+00
          .33871E+00  .41397E+00 -.25461E+00 -.75154E+00 -.10592E+01
         -.13455E+01 -.14307E+01 -.14686E+01
         -.24981E+01 -.23751E+01 -.22541E+01 -.21351E+01 -.20201E+01
         -.18711E+01 -.88912E+00  .14288E+00  .70488E+00  .98388E+00
          .11179E+01  .12269E+01  .13729E+01  .15269E+01  .16439E+01
          .17439E+01  .17209E+01  .15009E+01
          .49021E+00  .49558E+00  .45547E+00  .56254E+00  .10238E+00
          .21959E+01  .46858E+01  .32287E+01  .15275E+01  .75339E+00
          .41496E+00  .50279E+00  .63390E+00  .56163E+00  .37160E+00
          .55161E-01 -.13024E+00 -.26488E+00
         -.87725E+02 -.78270E+02 -.68815E+02 -.59360E+02 -.49905E+02
         -.40450E+02 -.30995E+02 -.21540E+02 -.12945E+02 -.80470E+01
         -.52450E+01 -.36300E+01 -.26930E+01 -.21470E+01 -.18300E+01
         -.15570E+01 -.15150E+01 -.16930E+01
          .37820E+02  .37820E+02  .37820E+02  .37820E+02  .37820E+02
          .37820E+02  .37820E+02  .37820E+02  .27501E+02  .14094E+02
          .85233E+01  .48166E+01  .28343E+01  .16423E+01  .95258E+00
          .24594E+00 -.46342E-01 -.24383E+00
         -.20260E+01 -.21520E+01 -.22790E+01 -.24080E+01 -.25390E+01
         -.26730E+01 -.27880E+01 -.27950E+01 -.27740E+01 -.28460E+01
         -.29360E+01 -.29290E+01 -.29540E+01 -.30930E+01 -.33220E+01
         -.39290E+01 -.46180E+01 -.60550E+01
         -.50337E+00 -.50525E+00 -.51163E+00 -.52024E+00 -.52741E+00
         -.55012E+00 -.26009E+00  .12650E+00 -.77901E-01 -.42689E+00
         -.15853E+00  .65021E-01 -.31755E+00 -.76282E+00 -.10472E+01
         -.13292E+01 -.14118E+01 -.14496E+01
         -.24131E+01 -.22901E+01 -.21681E+01 -.20481E+01 -.19321E+01
         -.17921E+01 -.81912E+00  .28188E+00  .88488E+00  .11849E+01
          .13199E+01  .13859E+01  .14489E+01  .15279E+01  .16009E+01
          .16689E+01  .16359E+01  .14129E+01
          .48906E+00  .49789E+00  .45940E+00  .56852E+00  .98518E-01
          .21094E+01  .48198E+01  .34992E+01  .16313E+01  .81146E+00
          .34283E+00  .22924E+00  .28823E+00  .32185E+00  .24839E+00
          .25968E-01 -.14226E+00 -.26337E+00
         -.96275E+02 -.85903E+02 -.75532E+02 -.65160E+02 -.54788E+02
         -.44416E+02 -.34045E+02 -.23673E+02 -.14244E+02 -.88690E+01
         -.57960E+01 -.40270E+01 -.30030E+01 -.24060E+01 -.20580E+01
         -.17550E+01 -.17010E+01 -.18690E+01
          .41487E+02  .41487E+02  .41487E+02  .41487E+02  .41487E+02
          .41487E+02  .41487E+02  .41487E+02  .30174E+02  .15465E+02
          .93424E+01  .52694E+01  .30959E+01  .17989E+01  .10486E+01
          .28090E+00 -.30144E-01 -.23693E+00
         -.19460E+01 -.20720E+01 -.21990E+01 -.23270E+01 -.24570E+01
         -.25900E+01 -.27080E+01 -.27330E+01 -.27240E+01 -.27990E+01
         -.29280E+01 -.30090E+01 -.30880E+01 -.32430E+01 -.34740E+01
         -.40700E+01 -.47420E+01 -.61430E+01
         -.50309E+00 -.50582E+00 -.50962E+00 -.51568E+00 -.52364E+00
         -.54575E+00 -.30536E+00  .51185E-01 -.91382E-01 -.47766E+00
         -.44599E+00 -.25837E+00 -.44051E+00 -.78757E+00 -.10412E+01
         -.12976E+01 -.13764E+01 -.14133E+01
         -.23371E+01 -.22131E+01 -.20911E+01 -.19711E+01 -.18531E+01
         -.17251E+01 -.93612E+00  .16888E+00  .79388E+00  .11079E+01
          .12479E+01  .13059E+01  .13419E+01  .13919E+01  .14489E+01
          .15099E+01  .14809E+01  .12659E+01
          .49491E+00  .49819E+00  .46435E+00  .54842E+00  .19797E+00
          .16117E+01  .43592E+01  .36794E+01  .16832E+01  .85598E+00
          .34092E+00  .15632E+00  .16178E+00  .22857E+00  .20795E+00
          .29137E-01 -.13250E+00 -.25625E+00
         -.10687E+03 -.95344E+02 -.83822E+02 -.72301E+02 -.60779E+02
         -.49258E+02 -.37736E+02 -.26215E+02 -.15749E+02 -.98160E+01
         -.64350E+01 -.44950E+01 -.33740E+01 -.27210E+01 -.23400E+01
         -.19930E+01 -.19050E+01 -.20380E+01
          .46086E+02  .46086E+02  .46086E+02  .46086E+02  .46086E+02
          .46086E+02  .46086E+02  .46086E+02  .33420E+02  .17021E+02
          .10265E+02  .57696E+01  .33881E+01  .19659E+01  .11562E+01
          .35697E+00  .25920E-01 -.21246E+00
         -.18730E+01 -.19990E+01 -.21250E+01 -.22530E+01 -.23820E+01
         -.25120E+01 -.26030E+01 -.25850E+01 -.25860E+01 -.26870E+01
         -.28270E+01 -.28610E+01 -.28720E+01 -.29840E+01 -.31940E+01
         -.37780E+01 -.44550E+01 -.58770E+01
         -.50457E+00 -.50285E+00 -.50801E+00 -.51309E+00 -.52362E+00
         -.50042E+00 -.12668E+00  .13114E+00 -.19390E+00 -.57955E+00
         -.37990E+00  .11132E-01 -.20463E+00 -.66860E+00 -.98498E+00
         -.12969E+01 -.13933E+01 -.14364E+01
         -.22661E+01 -.21431E+01 -.20201E+01 -.18991E+01 -.17801E+01
         -.15871E+01 -.50512E+00  .45688E+00  .97288E+00  .12249E+01
          .13309E+01  .13739E+01  .14079E+01  .14529E+01  .14959E+01
          .15409E+01  .15299E+01  .13549E+01
          .48817E+00  .49966E+00  .46518E+00  .56762E+00  .14436E+00
          .25990E+01  .47598E+01  .28897E+01  .14173E+01  .65704E+00
          .25052E+00  .12888E+00  .15795E+00  .18733E+00  .14874E+00
          .34923E-01 -.84426E-01 -.22029E+00
         -.11428E+03 -.10198E+03 -.89681E+02 -.77382E+02 -.65082E+02
         -.52783E+02 -.40484E+02 -.28185E+02 -.17013E+02 -.10682E+02
         -.70770E+01 -.50110E+01 -.38170E+01 -.31230E+01 -.27160E+01
         -.23320E+01 -.22150E+01 -.23180E+01
          .49197E+02  .49197E+02  .49197E+02  .49197E+02  .49197E+02
          .49197E+02  .49197E+02  .49197E+02  .35671E+02  .18156E+02
          .10938E+02  .61442E+01  .36054E+01  .20904E+01  .12449E+01
          .42183E+00  .73788E-01 -.19139E+00
         -.18010E+01 -.19260E+01 -.20530E+01 -.21800E+01 -.23080E+01
         -.24190E+01 -.24700E+01 -.25170E+01 -.26290E+01 -.27980E+01
         -.29660E+01 -.30220E+01 -.30460E+01 -.31600E+01 -.33650E+01
         -.39330E+01 -.45880E+01 -.59660E+01
         -.49773E+00 -.50453E+00 -.50814E+00 -.51091E+00 -.50820E+00
         -.32427E+00 -.13871E+00 -.29690E+00 -.58168E+00 -.74839E+00
         -.46877E+00 -.64531E-01 -.23310E+00 -.65906E+00 -.95865E+00
         -.12580E+01 -.13475E+01 -.13933E+01
         -.21981E+01 -.20741E+01 -.19511E+01 -.18291E+01 -.16701E+01
         -.75212E+00  .23288E+00  .77088E+00  .10319E+01  .11379E+01
          .11589E+01  .11489E+01  .11489E+01  .11719E+01  .12049E+01
          .12579E+01  .12779E+01  .11529E+01
          .50865E+00  .47070E+00  .57256E+00  .17907E+00  .20831E+01
          .44123E+01  .31035E+01  .14498E+01  .68552E+00  .21216E+00
         -.10177E-01 -.39456E-01  .48000E-01  .12346E+00  .13018E+00
          .82026E-01 -.20282E-01 -.17736E+00
         -.12135E+03 -.11158E+03 -.10180E+03 -.92023E+02 -.82246E+02
         -.72468E+02 -.62691E+02 -.52914E+02 -.43137E+02 -.33359E+02
         -.23582E+02 -.14699E+02 -.96570E+01 -.67790E+01 -.51240E+01
         -.36060E+01 -.30980E+01 -.29780E+01
          .39109E+02  .39109E+02  .39109E+02  .39109E+02  .39109E+02
          .39109E+02  .39109E+02  .39109E+02  .39109E+02  .39109E+02
          .39109E+02  .28378E+02  .14480E+02  .87426E+01  .49456E+01
          .16691E+01  .53416E+00 -.87080E-01
         -.17390E+01 -.18640E+01 -.19900E+01 -.21170E+01 -.22460E+01
         -.23760E+01 -.25100E+01 -.26490E+01 -.27950E+01 -.29500E+01
         -.31160E+01 -.32940E+01 -.34860E+01 -.36810E+01 -.38380E+01
         -.41480E+01 -.46610E+01 -.59580E+01
         -.49907E+00 -.50187E+00 -.50546E+00 -.51230E+00 -.51734E+00
         -.52635E+00 -.54528E+00 -.56853E+00 -.60059E+00 -.64110E+00
         -.68701E+00 -.73886E+00 -.79756E+00 -.71489E+00 -.56687E+00
         -.79698E+00 -.11832E+01 -.13539E+01
         -.21381E+01 -.20131E+01 -.18901E+01 -.17681E+01 -.16481E+01
         -.15311E+01 -.14191E+01 -.13141E+01 -.12161E+01 -.11271E+01
         -.10481E+01 -.97912E+00 -.91412E+00 -.73112E+00 -.20212E+00
          .64588E+00  .95288E+00  .98688E+00
          .50197E+00  .49606E+00  .48977E+00  .48484E+00  .47487E+00
          .45967E+00  .43445E+00  .40653E+00  .37543E+00  .33577E+00
          .29751E+00  .25019E+00  .30973E+00  .14869E+01  .22867E+01
          .10902E+01  .28267E+00 -.90334E-01
         -.12988E+03 -.11943E+03 -.10897E+03 -.98520E+02 -.88066E+02
         -.77612E+02 -.67159E+02 -.56705E+02 -.46251E+02 -.35798E+02
         -.25344E+02 -.15847E+02 -.10459E+02 -.73860E+01 -.56200E+01
         -.40030E+01 -.34600E+01 -.33190E+01
          .41815E+02  .41815E+02  .41815E+02  .41815E+02  .41815E+02
          .41815E+02  .41815E+02  .41815E+02  .41815E+02  .41815E+02
          .41815E+02  .30335E+02  .15466E+02  .93319E+01  .52742E+01
          .17772E+01  .57692E+00 -.76958E-01
         -.15850E+01 -.17110E+01 -.18370E+01 -.19630E+01 -.20900E+01
         -.22190E+01 -.23510E+01 -.24860E+01 -.26270E+01 -.27730E+01
         -.29280E+01 -.30920E+01 -.32660E+01 -.34480E+01 -.36240E+01
         -.39950E+01 -.44760E+01 -.56410E+01
         -.50395E+00 -.50410E+00 -.50365E+00 -.50530E+00 -.51116E+00
         -.52206E+00 -.53259E+00 -.55159E+00 -.57306E+00 -.60016E+00
         -.63831E+00 -.67461E+00 -.71924E+00 -.72042E+00 -.69508E+00
         -.83868E+00 -.10622E+01 -.12164E+01
         -.20041E+01 -.18801E+01 -.17561E+01 -.16331E+01 -.15121E+01
         -.13931E+01 -.12781E+01 -.11681E+01 -.10641E+01 -.96712E+00
         -.87812E+00 -.79812E+00 -.72412E+00 -.62112E+00 -.33912E+00
          .36288E+00  .66688E+00  .73388E+00
          .49584E+00  .49632E+00  .49489E+00  .48811E+00  .48067E+00
          .46921E+00  .45051E+00  .42876E+00  .40246E+00  .37339E+00
          .33597E+00  .31074E+00  .26909E+00  .73691E+00  .14033E+01
          .10866E+01  .28643E+00 -.42713E-01
         -.30000E+02 -.30000E+02 -.30000E+02 -.30000E+02 -.30000E+02
         -.30000E+02 -.30000E+02 -.30000E+02 -.30000E+02 -.30000E+02
         -.30000E+02 -.30000E+02 -.30000E+02 -.30000E+02 -.30000E+02
         -.30000E+02 -.30000E+02 -.30000E+02
          .00000E+00  .00000E+00  .00000E+00  .00000E+00  .00000E+00
          .00000E+00  .00000E+00  .00000E+00  .00000E+00  .00000E+00
          .00000E+00  .00000E+00  .00000E+00  .00000E+00  .00000E+00
          .00000E+00  .00000E+00  .00000E+00
         -.14570E+01 -.15830E+01 -.17080E+01 -.18340E+01 -.19610E+01
         -.20890E+01 -.22190E+01 -.23520E+01 -.24890E+01 -.26310E+01
         -.27800E+01 -.29360E+01 -.31000E+01 -.32740E+01 -.34580E+01
         -.38630E+01 -.43270E+01 -.54260E+01
         -.50529E+00 -.50141E+00 -.50106E+00 -.50633E+00 -.50960E+00
         -.51527E+00 -.52531E+00 -.53947E+00 -.55681E+00 -.58129E+00
         -.61002E+00 -.63863E+00 -.67546E+00 -.71553E+00 -.75841E+00
         -.86446E+00 -.99774E+00 -.11496E+01
         -.18881E+01 -.17651E+01 -.16401E+01 -.15171E+01 -.13951E+01
         -.12751E+01 -.11581E+01 -.10441E+01 -.93712E+00 -.83512E+00
         -.74012E+00 -.65212E+00 -.57312E+00 -.50112E+00 -.43712E+00
         -.33312E+00 -.23712E+00  .73880E-01
          .48933E+00  .49734E+00  .49733E+00  .48936E+00  .48523E+00
          .47371E+00  .46392E+00  .44262E+00  .41762E+00  .39490E+00
          .36677E+00  .33400E+00  .30123E+00  .27310E+00  .23838E+00
          .18352E+00  .22754E+00  .35273E+00
