  Time_points  !n_d.dat
  14
  Time[s]  Density[19]
  -1.000000e-02     1.000000e-03
   0.000000e+00     1.000000e-03
   1.100000e+00     1.600000e-01
   1.250000e+00     1.600000e-01
   1.500000e+00     1.600000e-01
   3.500000e+00     1.600000e-01
   1.505000e+01     5.669000e-01
   6.500500e+01     2.000000e+00
   7.500500e+01     2.000000e+00
   8.500500e+01     4.500000e+00
   9.500500e+01     5.000000e+00
   1.050000e+02     5.050000e+00
   5.800000e+02     5.050000e+00
   5.000000e+03     5.050000e+00
