  5   3              
  5.00e-03  2.00e-02  2.00e-01  2.00e+00  2.00e+01 1.00+02
-4.543672e+03-1.150663e+04-1.168350e+04-5.917090e+03-1.494044e+03-1.503462e+02
-1.796097e+01 2.087143e+01 4.050722e+01 3.814998e+01 1.796065e+01 3.306693e+00
-2.211676e+01 2.157176e-01 2.693194e-01-1.821747e-01 1.258669e-01 5.528849e-02
-2.210228e+01 1.019469e-01 6.025088e-01-6.152173e-01 3.192364e-01-6.169601e-02
-2.294214e+01 2.708428e+00-2.772527e+00 1.692546e+00-5.110030e-01 6.115965e-02
 1.685620e+03 4.414336e+03 4.604082e+03 2.383148e+03 6.115146e+02 6.221194e+01
 7.022807e+00 2.015096e+01 3.971342e+01 3.850490e+01 1.837981e+01 3.459540e+00
 2.999997e+00-3.384077e-03-1.031901e-02 6.695092e-02 3.570958e-01 2.149307e-01
 3.003833e+00 4.419048e-02-2.910708e-01 5.771199e-01-4.734459e-01 1.393352e-01
-1.280132e+01 5.024911e+01-6.343735e+01 3.976195e+01-1.237893e+01 1.531958e+00
-9.796371e+03-2.410681e+04-2.358175e+04-1.148758e+04-2.790884e+03-2.708086e+02
 2.939053e+01 1.020208e+02 2.007971e+02 1.944201e+02 9.267812e+01 1.742148e+01
 9.000010e+00 1.047221e-04-1.091150e-03-3.243924e-03-1.126405e-02 2.517026e-02
 8.904881e+00 7.927524e-01-2.452587e+00 3.562078e+00-2.451677e+00 6.445498e-01
-3.840398e+01 1.507474e+02-1.903120e+02 1.192858e+02-3.713680e+01 4.595876e+00
c-3 
