  4   3              
  1.00e-01  2.00e-01  2.00e-00  2.00e+01  1.00e+02  0.00e+02 
 5.340828e+00 1.560876e+02 4.171704e+02 5.502576e+02 3.567583e+02 9.042786e+01
-1.723894e+01 5.423752e-02-1.221070e+00 4.411812e-01-4.485821e+00-7.836137e+00
-1.474880e+01-1.439542e+01 2.105855e+01-4.394746e+00-1.106006e+01 5.616985e+00
-2.624260e+02 7.125586e+02-8.250168e+02 4.742407e+02-1.355175e+02 1.541889e+01
 0.000000e+00 0.000000e+00 0.000000e+00 0.000000e+00 0.000000e+00 0.000000e+00
 1.555776e+02 9.075264e+02 2.344661e+03 3.050606e+03 1.995100e+03 5.250867e+02
 2.560687e+01 2.746452e+01 1.880356e+01 2.109782e+01-1.779688e+01-5.671642e+01
-8.081505e+01 7.807107e+02-1.793494e+03 1.856495e+03-8.288591e+02 1.207945e+02
 6.270438e+03-1.827260e+04 2.132807e+04-1.235512e+04 3.557784e+03-4.078162e+02
 0.000000e+00 0.000000e+00 0.000000e+00 0.000000e+00 0.000000e+00 0.000000e+00
-1.057516e+04-6.461370e+04-1.535776e+05-1.806057e+05-1.050080e+05-2.408997e+04
 6.620789e+02 1.417530e+03 1.722973e+03 1.884802e+03 3.569429e+02-1.384352e+03
-7.481742e+03 5.666677e+04-1.210664e+05 1.084440e+05-3.344618e+04-8.941927e+01
 8.064275e+05-2.358791e+06 2.749159e+06-1.590203e+06 4.572558e+05-5.234089e+04
 0.000000e+00 0.000000e+00 0.000000e+00 0.000000e+00 0.000000e+00 0.000000e+00
c-74 
